=~=~=~=~=~=~=~=~=~=~=~= PuTTY log 2025.05.01 15:32:45 =~=~=~=~=~=~=~=~=~=~=~=
 0.0625, 45890, -17.1875, 68.7500, 315.1875 
00,   3.4000, -67.7500, -15.8750,  22.2500,   0.0625,   0.0625,   0.1250, 151252, -17.1875, 68.8750, 315.1875 
 -8.6100,  -2.9700,   3.4000, -67.7b -15.8750,  22.2500,   0.0625,   0.0625,   0.1250, 151252, -17.1875, 68.8750, 315.1875 
 -8.6100,  -2.9700,   3.4000, -67.7bCalibration Levels - System: 0, Gyro: 0, Accel: 0, Mag: 0
Calibration Levels - System: 0, Gyro: 0, Accel: 0, Mag: 0
Calibration Levels - System: 0, Gyro: 0, Accel: 0, Mag: 0
Calibration Levels - System: 0, Gyro: 0, Accel: 0, Mag: 1
Calibration Levels - System: 0, Gyro: 0, Accel: 0, Mag: 1
Calibration Levels - System: 0, Gyro: 0, Accel: 0, Mag: 1
Calibration Levels - System: 0, Gyro: 0, Accel: 0, Mag: 1
Calibration Levels - System: 0, Gyro: 0, Accel: 0, Mag: 2
Calibration Levels - System: 0, Gyro: 0, Accel: 0, Mag: 2
Calibration Levels - System: 3, Gyro: 0, Accel: 0, Mag: 2
Calibration Levels - System: 3, Gyro: 0, Accel: 0, Mag: 2
Calibration Levels - System: 1, Gyro: 0, Accel: 0, Mag: 2
Calibration Levels - System: 1, Gyro: 0, Accel: 0, Mag: 2
Calibration Levels - System: 2, Gyro: 0, Accel: 0, Mag: 2
Calibration Levels - System: 3, Gyro: 0, Accel: 1, Mag: 2
Calibration Levels - System: 3, Gyro: 0, Accel: 1, Mag: 2
Calibration Levels - System: 3, Gyro: 0, Accel: 1, Mag: 2
Calibration Levels - System: 3, Gyro: 0, Accel: 1, Mag: 2
Calibration Levels - System: 3, Gyro: 0, Accel: 1, Mag: 2
Calibration Levels - System: 3, Gyro: 0, Accel: 1, Mag: 2
Calibration Levels - System: 3, Gyro: 0, Accel: 1, Mag: 2
Calibration Levels - System: 3, Gyro: 0, Accel: 1, Mag: 2
Calibration Levels - System: 3, Gyro: 3, Accel: 1, Mag: 2
READING-----------------
 -0.1200,  -0.0100,   9.9300, -31.8750,   4.0000,  50.2500,   4.0000,   1.8750,  -0.5000, 13492, -0.2500, -0.1250, 6.9375 
 -0.1700,  -0.0200,   9.7500, -32.6875,   4.2500,  49.1875,  -1.6875,   0.1250,   0.2500, 13509, -0.2500, -0.1250, 6.9375 
 -0.1700,  -0.0600,   9.6500, -32.6875,   4.2500,  49.1875,  -0.0000,  -1.2500,  -0.5000, 13529, -0.2500, -0.1250, 6.9375 
 -0.1500,  -0.0800,   9.7100, -32.6875,   4.2500,  49.1875,   0.7500,  -2.3750,  -0.2500, 13546, -0.2500, -0.1250, 6.9375 
 -0.0900,   0.0000,   9.7300, -32.2500,   4.2500,  50.2500,   3.0625,  -2.0000,  -0.2500, 13563, -0.2500, -0.1875, 6.9375 
 -0.1000,   0.0200,   9.7200, -32.2500,   4.2500,  50.2500,   1.8125,  -1.1250,   0.3125, 13583, -0.1250, -0.1875, 6.9375 
 -0.0800,   0.0000,   9.7700, -32.2500,   4.2500,  50.2500,   0.0625,  -0.5625,   1.0625, 13600, -0.1250, -0.1875, 6.9375 
 -0.0600,  -0.1200,   9.7600, -32.6875,   4.6875,  50.2500,   7.8125,   0.3750,   0.9375, 13619, 0.0000, -0.1875, 7.0000 
 -0.0500,   0.0500,   9.7200, -32.6875,   4.6875,  50.2500,   7.6250,  -0.8125,   0.6875, 13637, 0.0625, -0.1875, 7.0000 
 -0.1100,   0.0300,   9.8800, -32.6875,   4.6875,  49.8750,   7.3125,  -1.9375,  -0.5625, 13655, 0.2500, -0.1875, 7.0000 
 -0.0800,   0.0300,   9.9600, -32.6875,   4.6875,  49.8750,   9.0625,  -0.7500,  -0.6250, 13673, 0.3125, -0.1875, 7.0000 
 -0.0400,   0.0200,   9.9000, -32.6875,   4.6875,  49.8750,   4.3125,  -2.2500,  -0.7500, 13692, 0.4375, -0.2500, 7.0000 
 -0.0300,   0.1100,   9.7500, -33.0625,   5.0625,  49.5000,   2.1875,  -1.8750,  -0.3125, 13710, 0.5000, -0.2500, 7.0000 
 -0.0100,   0.0700,   9.8200, -33.0625,   5.0625,  49.5000,  -0.3125,  -1.0625,  -0.3750, 13729, 0.5625, -0.3125, 7.0000 
 -0.0200,  -0.0100,   9.8400, -33.0625,   5.0625,  49.5000,  -4.0000,  -0.9375,  -0.6875, 13747, 0.5000, -0.3125, 6.9375 
  0.0100,   0.0100,   9.8800, -32.6875,   4.6875,  49.5000,  -5.1875,  -1.0625,  -1.1875, 13764, 0.4375, -0.3125, 6.9375 
  0.0300,   0.0100,   9.8200, -32.6875,   4.6875,  49.5000,  -3.5625,   0.8125,  -0.6875, 13783, 0.3125, -0.3125, 6.9375 
 -0.0000,   0.0000,   9.8300, -32.6875,   4.6875,  49.5000,  -2.7500,   1.3750,  -0.1250, 13800, 0.2500, -0.3125, 6.9375 
 -0.0600,   0.0200,   9.7700, -32.6875,   5.5000,  48.6875,  -3.0625,   2.1250,  -0.0625, 13817, 0.1875, -0.2500, 6.9375 
 -0.1000,   0.0200,   9.7300, -32.6875,   5.5000,  48.6875,   1.8125,   1.1875,  -2.1250, 13835, 0.1875, -0.2500, 6.8750 
 -0.1100,  -0.0400,   9.8400, -32.6875,   5.5000,  48.6875,  -2.3125,   0.4375,  -1.0000, 13852, 0.1875, -0.2500, 6.8750 
 -0.1400,  -0.0300,   9.7900, -32.6875,   5.7500,  50.6875,  -4.0625,   0.6875,  -0.8750, 13872, 0.1250, -0.1875, 6.8750 
 -0.2000,  -0.0100,   9.7500, -32.6875,   5.7500,  50.6875,  -4.6250,   0.4375,  -0.9375, 13892, 0.0625, -0.1875, 6.8125 
 -0.1800,  -0.0500,   9.7300, -31.8750,   5.5000,  49.8750,  -3.6875,   0.1875,  -1.0000, 13910, 0.0000, -0.1875, 6.8125 
 -0.2200,   0.0200,   9.6400, -31.8750,   5.5000,  49.8750,  -0.0000,   1.5625,  -0.1875, 13927, 0.0000, -0.1250, 6.8125 
 -0.1700,  -0.0500,   9.8000, -31.8750,   5.5000,  49.8750,   0.7500,  -0.2500,   0.0625, 13945, 0.0000, -0.1250, 6.8125 
 -0.1200,  -0.0200,   9.9700, -33.0625,   4.6875,  51.0625,   1.0000,   2.0625,  -0.1875, 13964, 0.0000, -0.0625, 6.8125 
 -0.0900,  -0.0800,   9.8800, -33.0625,   4.6875,  51.0625,  -1.2500,   1.0625,   0.5000, 13983, 0.0000, -0.0625, 6.8125 
 -0.1100,   0.0000,   9.7400, -33.0625,   4.6875,  51.0625,  -0.8125,   0.5000,   0.6250, 14002, 0.0000, 0.0000, 6.8125 
 -0.0600,  -0.0700,   9.8900, -32.6875,   5.0625,  49.8750,   0.4375,  -1.4375,  -0.1875, 14022, 0.0000, -0.0625, 6.8125 
 -0.0400,  -0.0700,   9.8900, -32.6875,   5.0625,  49.8750,  -0.0625,  -1.0000,  -0.2500, 14042, 0.0000, -0.0625, 6.8125 
 -0.0000,   0.0200,   9.7700, -33.3750,   4.6875,  49.8750,  -1.2500,   0.0000,   0.0000, 14062, 0.0000, -0.0625, 6.8125 
 -0.0800,   0.0300,   9.6600, -33.3750,   4.6875,  49.8750,  -0.7500,   1.0625,  -0.1250, 14082, -0.0625, -0.0625, 6.8125 
 -0.0700,  -0.0400,   9.7600, -33.3750,   4.6875,  49.8750,   2.3125,   0.1875,  -1.1250, 14099, 0.0000, -0.0625, 6.8125 
 -0.0500,  -0.0400,   9.8600, -32.2500,   4.6875,  49.1875,   2.2500,  -0.3750,  -1.8750, 14116, 0.0000, -0.0625, 6.7500 
 -0.1000,   0.0200,   9.7700, -32.2500,   4.6875,  49.1875,   0.5625,  -0.6875,  -1.1250, 14135, 0.0000, -0.0625, 6.7500 
 -0.1600,   0.0000,   9.7200, -32.2500,   4.6875,  49.1875,   0.6250,  -0.2500,  -0.5000, 14152, 0.0000, -0.0625, 6.7500 
 -0.1500,   0.0000,   9.7600, -32.6875,   4.2500,  51.0625,   3.3125,  -1.6875,  -0.8125, 14171, 0.0625, -0.0625, 6.7500 
 -0.0500,  -0.0100,   9.9400, -32.6875,   4.2500,  51.0625,  -1.0000,  -3.6250,  -0.3750, 14189, 0.0625, -0.1250, 6.7500 
 -0.0400,  -0.1000,   9.9100, -33.0625,   4.2500,  49.8750,   1.2500,  -3.0000,  -0.2500, 14206, 0.0625, -0.1875, 6.7500 
 -0.0600,  -0.0700,   9.7700, -33.0625,   4.2500,  49.8750,  -0.0000,  -1.0000,   0.3750, 14225, 0.0625, -0.1875, 6.7500 
 -0.0600,  -0.0500,   9.7500, -33.0625,   4.2500,  49.8750,   1.3125,   0.0625,   0.6250, 14244, 0.0625, -0.1875, 6.7500 
  0.0200,   0.0200,   9.8100, -32.2500,   6.0625,  49.1875,   1.8750,   1.0625,   0.4375, 14262, 0.0625, -0.1875, 6.7500 
 -0.0000,   0.0800,   9.6300, -32.2500,   6.0625,  49.1875,  -0.9375,   0.3125,  -0.1875, 14281, 0.0625, -0.1875, 6.7500 
 -0.0000,  -0.0700,   9.8000, -32.2500,   6.0625,  49.1875,  -1.7500,  -1.3750,  -1.5000, 14299, 0.0625, -0.1875, 6.7500 
 -0.0400,  -0.0300,   9.7800, -31.5625,   4.6875,  49.5000,   0.3125,  -0.8750,  -1.3750, 14316, 0.0625, -0.1875, 6.6875 
 -0.0400,  -0.0100,   9.7600, -31.5625,   4.6875,  49.5000,   2.8125,   1.0000,  -0.3125, 14336, 0.0625, -0.1875, 6.6875 
 -0.0300,   0.0000,   9.8400, -31.5625,   4.6875,  49.5000,   4.2500,   1.5625,  -0.4375, 14353, 0.1250, -0.1875, 6.6875 
 -0.0900,   0.0300,   9.9100, -33.0625,   4.6875,  51.0625,  -0.0625,  -0.3750,   0.0000, 14373, 0.1250, -0.1875, 6.6875 
 -0.0100,   0.0200,   9.9900, -33.0625,   4.6875,  51.0625,   2.3750,  -2.0000,  -0.0625, 14393, 0.1250, -0.1875, 6.6875 
 -0.0400,   0.1100,   9.8000, -32.6875,   5.5000,  50.2500,  -1.7500,  -3.5000,   0.1250, 14410, 0.1250, -0.2500, 6.6875 
 -0.0500,   0.0100,   9.8200, -32.6875,   5.5000,  50.2500,   3.3125,  -5.5000,  -1.3125, 14428, 0.1875, -0.3750, 6.6875 
 -0.0500,   0.0500,   9.7600, -32.6875,   5.5000,  50.2500,  -1.8750,  -4.2500,  -0.6875, 14446, 0.1875, -0.3750, 6.6875 
 -0.0300,  -0.0200,   9.8600, -32.6875,   5.5000,  50.2500,  -0.7500,  -3.1250,  -0.5000, 14464, 0.1875, -0.4375, 6.6875 
 -0.0000,  -0.0100,   9.7700, -32.6875,   5.5000,  50.2500,  -1.7500,   1.6875,   1.1250, 14484, 0.1250, -0.5000, 6.6875 
 -0.0000,   0.0000,   9.7500, -32.6875,   5.5000,  50.2500,  -2.3125,   2.0000,   0.4375, 14501, 0.0625, -0.4375, 6.6875 
 -0.0600,  -0.0600,   9.7900, -32.2500,   5.5000,  50.2500,  -1.8125,   4.0625,   0.5625, 14518, 0.0625, -0.3750, 6.6875 
  0.0200,  -0.0400,   9.9300, -32.2500,   5.5000,  50.2500,   1.3125,   6.3750,   0.7500, 14536, 0.0625, -0.3125, 6.6875 
 -0.0700,   0.0200,   9.6500, -32.2500,   5.5000,  50.2500,  -2.7500,   5.9375,   0.6875, 14554, 0.0625, -0.1875, 6.6875 
 -0.0700,  -0.0400,   9.7800, -33.0625,   4.2500,  50.2500,  -0.0625,   3.3125,  -0.8750, 14573, 0.0000, -0.1250, 6.6875 
 -0.0400,  -0.0800,   9.8900, -33.0625,   4.2500,  50.2500,  -1.6875,   1.5625,  -0.4375, 14594, 0.0000, -0.0625, 6.6875 
 -0.0600,  -0.0300,   9.9000, -33.0625,   4.2500,  49.5000,  -2.2500,   1.7500,  -0.2500, 14610, 0.0000, -0.0625, 6.6875 
 -0.1300,  -0.0200,   9.7300, -33.0625,   4.2500,  49.5000,  -3.0000,   1.8125,   0.1875, 14627, -0.0625, 0.0000, 6.6875 
 -0.1300,   0.0200,   9.7500, -33.0625,   4.2500,  49.5000,  -0.8125,   2.1250,   0.1875, 14647, -0.0625, 0.0000, 6.6875 
 -0.1100,  -0.0300,   9.8500, -32.6875,   5.0625,  49.8750,  -1.5625,   2.5625,   0.7500, 14664, -0.1250, 0.0000, 6.6875 
 -0.0600,  -0.0900,   9.7900, -32.6875,   5.0625,  49.8750,  -3.9375,   1.3750,   0.5625, 14684, -0.1250, 0.0625, 6.6875 
 -0.0800,  -0.0200,   9.7300, -32.6875,   5.0625,  49.8750,  -4.9375,   0.8125,   0.8125, 14701, -0.2500, 0.0625, 6.6875 
 -0.1100,  -0.1400,   9.8100, -32.2500,   4.2500,  49.5000,  -3.6250,   0.3125,   0.3125, 14718, -0.3125, 0.0625, 6.6875 
 -0.1400,  -0.1300,   9.8100, -32.2500,   4.2500,  49.5000,  -1.4375,   0.3750,  -0.1250, 14737, -0.3750, 0.0625, 6.6875 
 -0.1500,  -0.1000,   9.8000, -32.2500,   4.2500,  49.5000,   0.1250,  -0.2500,  -0.7500, 14755, -0.3750, 0.0625, 6.6875 
 -0.1600,  -0.0100,   9.6800, -32.2500,   5.5000,  49.8750,  -3.2500,   0.1875,  -0.4375, 14775, -0.4375, 0.0625, 6.6875 
 -0.2000,  -0.0900,   9.7700, -32.2500,   5.5000,  49.8750,  -5.0000,   1.4375,   0.2500, 14795, -0.5000, 0.1250, 6.6875 
 -0.1900,  -0.1600,   9.8600, -33.0625,   4.0000,  48.6875,  -6.4375,   1.1250,   1.6875, 14813, -0.6250, 0.1250, 6.7500 
 -0.1400,  -0.1700,   9.7600, -33.0625,   4.0000,  48.6875,  -5.3750,  -0.0625,   1.7500, 14830, -0.7500, 0.1875, 6.7500 
 -0.1300,  -0.1000,   9.6900, -33.0625,   4.0000,  48.6875,  -4.9375,  -3.0625,   0.6250, 14849, -0.7500, 0.1250, 6.7500 
 -0.1500,  -0.1100,   9.6500, -32.6875,   4.0000,  50.2500,  -3.0000,  -2.8125,   0.8125, 14866, -0.8750, 0.0625, 6.8125 
 -0.0900,  -0.1600,   9.7500, -32.6875,   4.0000,  50.2500,  -0.5625,  -2.6250,   0.0625, 14885, -0.9375, 0.0625, 6.8125 
 -0.0400,  -0.1600,   9.7700, -32.6875,   4.0000,  50.2500,  -0.0625,  -2.6250,  -0.1250, 14903, -0.9375, 0.0000, 6.8125 
 -0.0500,  -0.1500,   9.7300, -31.8750,   3.2500,  49.1875,  -7.1875,  -4.0625,   0.0000, 14920, -1.0000, 0.0000, 6.8125 
 -0.0400,  -0.1600,   9.7900, -31.8750,   3.2500,  49.1875,  -5.6875,  -3.5000,  -0.7500, 14939, -1.0625, -0.0625, 6.8125 
 -0.0000,  -0.2500,   9.9800, -31.8750,   3.2500,  49.1875,  -3.0625,  -3.3750,  -1.4375, 14956, -1.1875, -0.1250, 6.7500 
 -0.0000,  -0.2600,  10.0100, -32.2500,   3.5625,  50.2500,  -4.5625,  -1.1250,  -0.4375, 14976, -1.2500, -0.1250, 6.7500 
 -0.0000,  -0.2200,   9.7900, -32.2500,   3.5625,  50.2500,  -2.1250,   1.2500,   0.0625, 14996, -1.3125, -0.1250, 6.7500 
 -0.0000,  -0.2300,   9.8300, -32.2500,   3.5625,  51.0625,   0.1250,   0.6250,  -0.0625, 15016, -1.3750, -0.1250, 6.7500 
 -0.0000,  -0.2400,   9.7900, -32.2500,   3.5625,  51.0625,   0.6875,  -0.3125,  -1.2500, 15036, -1.3750, -0.1250, 6.7500 
 -0.0200,  -0.2300,   9.8000, -32.2500,   3.5625,  51.0625,  -0.6875,  -0.4375,  -1.0625, 15054, -1.3750, -0.1250, 6.7500 
 -0.0000,  -0.2500,   9.8600, -31.8750,   3.2500,  49.8750,  -0.6875,   0.0000,  -0.0625, 15074, -1.3750, -0.1250, 6.7500 
 -0.0200,  -0.2300,   9.8100, -31.8750,   3.2500,  49.8750,  -0.8750,  -1.3750,  -0.7500, 15093, -1.3750, -0.1250, 6.7500 
 -0.0700,  -0.2200,   9.7400, -32.6875,   3.2500,  49.8750,  -0.3125,  -1.0000,  -1.0625, 15112, -1.3750, -0.1250, 6.6875 
 -0.0700,  -0.2600,   9.8000, -32.6875,   3.2500,  49.8750,   3.8750,   0.1875,  -1.5000, 15129, -1.3125, -0.1250, 6.6875 
 -0.0900,  -0.2700,   9.8400, -32.6875,   3.2500,  49.8750,   1.3750,   0.5000,  -0.7500, 15149, -1.3125, -0.1250, 6.6875 
 -0.0900,  -0.2900,   9.9500, -32.6875,   2.5000,  50.2500,  -1.0625,   1.0625,   0.0000, 15168, -1.2500, -0.1250, 6.6875 
 -0.0800,  -0.2200,   9.7700, -32.6875,   2.5000,  50.2500,   1.3125,   0.8125,  -0.2500, 15187, -1.3125, -0.1250, 6.6875 
 -0.0500,  -0.2200,   9.7400, -32.6875,   2.5000,  50.2500,   2.5000,   0.2500,  -0.1250, 15205, -1.2500, -0.1250, 6.6875 
 -0.0400,  -0.2400,   9.7100, -32.2500,   2.5000,  49.8750,   3.3125,   0.6250,  -0.3125, 15224, -1.1875, -0.1250, 6.6875 
 -0.0200,  -0.2300,   9.7800, -32.2500,   2.5000,  49.8750,   2.5625,  -1.1250,  -1.0625, 15243, -1.1250, -0.1250, 6.6250 
 -0.0400,  -0.2300,   9.8100, -33.0625,   3.5625,  49.5000,  -2.6875,  -1.8125,  -0.0625, 15260, -1.1875, -0.1875, 6.6250 
 -0.0300,  -0.2400,   9.8000, -33.0625,   3.5625,  49.5000,  -2.9375,  -1.6250,   0.0625, 15279, -1.1875, -0.1875, 6.6250 
 -0.0600,  -0.2000,   9.7500, -33.0625,   3.5625,  49.5000,   1.4375,  -1.5000,  -0.6250, 15298, -1.2500, -0.1875, 6.6250 
 -0.0300,  -0.2400,   9.9000, -32.2500,   3.2500,  49.5000,  -0.8125,   0.8125,   0.2500, 15318, -1.2500, -0.2500, 6.6250 
 -0.0300,  -0.2400,   9.9000, -32.2500,   3.2500,  49.5000,  -0.8125,   0.3750,   0.5000, 15338, -1.2500, -0.1875, 6.6250 
 -0.0500,  -0.2000,   9.7600, -32.2500,   3.2500,  49.5000,  -2.5625,  -0.5000,   0.2500, 15355, -1.2500, -0.1875, 6.6250 
 -0.0100,  -0.2400,   9.7400, -32.6875,   2.8750,  50.2500,  -0.6250,  -1.3750,  -0.1875, 15373, -1.3125, -0.2500, 6.6250 
  0.0100,  -0.2000,   9.7700, -32.6875,   2.8750,  50.2500,  -1.6250,  -1.7500,   0.0000, 15390, -1.3125, -0.2500, 6.6250 
 -0.0000,  -0.2100,   9.8000, -32.2500,   3.2500,  50.6875,  -1.1250,  -0.9375,  -0.1250, 15409, -1.3125, -0.2500, 6.6250 
 -0.0100,  -0.2500,   9.8900, -32.2500,   3.2500,  50.6875,  -1.3750,  -0.7500,   0.3750, 15428, -1.3125, -0.3125, 6.6250 
 -0.0000,  -0.2900,   9.9900, -32.2500,   3.2500,  50.6875,  -2.7500,   1.1875,   0.5625, 15449, -1.3750, -0.3125, 6.6250 
 -0.0000,  -0.2000,   9.7800, -31.8750,   2.8750,  51.5000,  -2.0625,   1.3750,   0.7500, 15466, -1.4375, -0.2500, 6.6250 
 -0.0000,  -0.2100,   9.7800, -31.8750,   2.8750,  51.5000,  -2.4375,  -0.1875,   0.6875, 15485, -1.5000, -0.2500, 6.6250 
 -0.0000,  -0.2600,   9.8200, -31.8750,   2.8750,  51.5000,  -0.5625,  -0.1250,  -0.2500, 15503, -1.5000, -0.2500, 6.6250 
 -0.0100,  -0.2800,   9.8400, -31.8750,   2.8750,  50.6875,   1.5625,   3.3750,   0.1250, 15520, -1.5000, -0.2500, 6.6250 
 -0.0300,  -0.2400,   9.7900, -31.8750,   2.8750,  50.6875,   0.1875,   4.6875,   0.0625, 15540, -1.4375, -0.1875, 6.6250 
 -0.0700,  -0.2400,   9.7400, -31.8750,   2.8750,  50.6875,   0.8125,   4.8125,   0.3750, 15557, -1.4375, -0.1250, 6.6250 
 -0.0500,  -0.2400,   9.7800, -31.8750,   3.5625,  48.7500,  -1.0625,   3.8125,   0.6875, 15577, -1.4375, 0.0000, 6.6875 
 -0.0600,  -0.2700,   9.8900, -31.8750,   3.5625,  48.7500,  -2.7500,   2.1875,   0.3125, 15596, -1.5000, 0.0000, 6.6250 
 -0.0700,  -0.2100,   9.7300, -32.2500,   2.8750,  51.0625,  -3.1875,   0.6250,   0.1250, 15612, -1.5625, 0.0000, 6.6250 
 -0.1100,  -0.2400,   9.7200, -32.2500,   2.8750,  51.0625,  -0.2500,  -0.6250,  -0.4375, 15631, -1.5625, 0.0000, 6.6250 
 -0.0900,  -0.2900,   9.8300, -32.2500,   2.8750,  51.0625,  -0.1875,   0.4375,  -0.3125, 15649, -1.5625, 0.0000, 6.6250 
 -0.0600,  -0.3300,   9.9300, -32.2500,   2.0625,  50.6875,  -1.8125,   1.3125,   0.2500, 15669, -1.5625, 0.0000, 6.6250 
 -0.0800,  -0.2800,   9.7900, -32.2500,   2.0625,  50.6875,  -1.4375,  -1.7500,   0.1250, 15689, -1.5625, 0.0000, 6.6250 
 -0.1000,  -0.2100,   9.6300, -32.2500,   2.0625,  50.6875,  -2.8125,  -3.1875,   0.2500, 15706, -1.6250, 0.0000, 6.6250 
 -0.0800,  -0.2100,   9.6700, -32.2500,   3.2500,  48.3750,   0.5000,  -4.2500,   0.2500, 15724, -1.6250, -0.0625, 6.6250 
 -0.0800,  -0.1700,   9.5500, -32.2500,   3.2500,  48.3750,   0.1875,  -4.8125,   0.0000, 15741, -1.6875, -0.1250, 6.6875 
 -0.0000,  -0.2700,   9.8000, -32.2500,   3.2500,  48.3750,  -0.1875,  -4.1875,  -0.2500, 15759, -1.6250, -0.1875, 6.6250 
 -0.0000,  -0.2700,   9.8800, -31.8750,   3.5625,  51.0625,   3.9375,  -1.3750,  -0.8125, 15779, -1.6250, -0.2500, 6.6250 
  0.0300,  -0.3600,  10.1800, -31.8750,   3.5625,  51.0625,  -3.3125,   0.8750,   0.3125, 15799, -1.5625, -0.2500, 6.6250 
  0.0300,  -0.3200,  10.0900, -32.6875,   3.2500,  50.2500,  -2.9375,   2.1250,   0.1250, 15816, -1.6250, -0.2500, 6.6250 
 -0.0500,  -0.2200,   9.6300, -32.6875,   3.2500,  50.2500,  -3.4375,   2.3125,   0.4375, 15837, -1.6875, -0.1875, 6.6250 
 -0.0500,  -0.2100,   9.6500, -32.6875,   3.2500,  50.2500,   4.8750,   0.6875,  -1.0625, 15854, -1.6250, -0.1875, 6.6250 
 -0.0500,  -0.2000,   9.6400, -33.0625,   2.8750,  49.1875,  -1.3125,   0.3125,   0.1250, 15872, -1.6250, -0.1875, 6.6250 
 -0.0800,  -0.2600,   9.7300, -33.0625,   2.8750,  49.1875,   0.6250,   1.1875,  -0.1250, 15891, -1.6250, -0.1875, 6.6250 
 -0.1200,  -0.2500,   9.7200, -33.0625,   2.8750,  49.1875,   0.2500,   0.6250,  -0.0625, 15908, -1.6250, -0.1250, 6.6250 
 -0.0600,  -0.2900,   9.8700, -31.5625,   2.8750,  50.0000,   3.0000,   1.1250,   0.1875, 15928, -1.5625, -0.1250, 6.6250 
 -0.0700,  -0.2700,   9.9000, -31.5625,   2.8750,  50.0000,   3.2500,   2.3750,   1.7500, 15948, -1.5000, -0.0625, 6.6250 
 -0.0200,  -0.3400,  10.0100, -32.6875,   2.8750,  50.6875,   3.8750,   2.9375,   2.3750, 15966, -1.4375, 0.0000, 6.6875 
 -0.1100,  -0.2800,  10.0200, -32.6875,   2.8750,  50.6875,   6.1875,   4.0000,   1.3750, 15983, -1.3750, 0.0000, 6.7500 
 -0.2100,  -0.1000,   9.4900, -32.6875,   2.8750,  50.6875,  17.3125,   5.2500,  -0.0625, 16002, -1.2500, 0.0000, 6.7500 
 -0.1900,   0.0200,   9.5800, -32.2500,   2.0625,  50.0000,  40.3125,   4.2500,  -2.2500, 16019, -0.8125, 0.1250, 6.6875 
 -0.2100,   0.1000,   9.6500, -32.2500,   2.0625,  50.0000,  38.3750,   2.1250,   3.1875, 16039, -0.0625, 0.1875, 6.6875 
 -0.2100,   0.2000,   9.6000, -32.2500,   2.0625,  50.0000,  45.6250,   1.1250,   5.8125, 16057, 0.6875, 0.2500, 6.7500 
 -0.0600,   0.4000,  10.0000, -33.0625,   4.2500,  49.1875,  73.0625,   0.0000,  14.1250, 16074, 2.0000, 0.2500, 7.0625 
 -0.1000,   0.5300,   9.8500, -33.0625,   4.2500,  49.1875,  66.8125,  -2.8750,  14.4375, 16093, 2.6875, 0.2500, 7.1875 
 -0.0300,   0.6400,   9.7500, -33.0625,   4.2500,  49.1875,  53.6875,  -8.9375,  13.1875, 16109, 3.9375, 0.1250, 7.5000 
 -0.1200,   0.9300,   9.4500, -33.0625,   7.5625,  50.0000,  66.5000, -17.7500,   9.7500, 16130, 5.0000, -0.0625, 8.1250 
 -0.0700,   1.0000,   9.7500, -33.0625,   7.5625,  50.0000,  83.1250, -23.3125,  13.4375, 16150, 6.3750, -0.4375, 8.2500 
  0.0200,   1.4900,   9.8000, -33.0625,   9.7500,  50.0000,  95.4375, -28.8750,  16.7500, 16167, 8.0625, -1.0000, 8.6250 
 -0.0800,   1.6600,   9.2500, -33.0625,   9.7500,  50.0000, 111.2500, -27.6875,   8.3750, 16187, 10.1250, -1.5000, 8.7500 
  0.1100,   1.9500,   9.4700, -33.0625,   9.7500,  50.0000, 157.3750, -27.0625,  13.1875, 16204, 12.9375, -2.1875, 8.9375 
 -0.1700,   2.4700,   8.6500, -30.8750,  14.0625,  49.5625, 186.5000, -32.6250,  39.5000, 16222, 14.6250, -2.5000, 9.3125 
  0.4500,   3.3300,   9.0900, -30.8750,  14.0625,  49.5625, 174.6875, -22.7500,  42.0625, 16241, 18.2500, -3.3750, 10.1250 
  0.2300,   3.5000,   9.1300, -30.8750,  14.0625,  49.5625, 163.2500, -16.3125,  35.6250, 16259, 21.4375, -4.1250, 10.9375 
  0.3300,   4.0200,   8.7700, -28.6875,  22.6875,  47.1875, 167.1875, -10.5000,  29.1875, 16277, 24.6250, -4.8125, 12.1250 
  0.4400,   4.5700,   8.5900, -28.6875,  22.6875,  47.1875, 180.9375,  -4.8750,  28.3750, 16296, 28.0000, -5.3125, 12.8125 
  0.5000,   5.0300,   7.6500, -27.3750,  31.1875,  44.1875, 171.9375,  -7.0000,  25.1875, 16314, 29.6875, -5.6250, 13.1250 
  0.6300,   5.5900,   7.5600, -27.3750,  31.1875,  44.1875, 166.9375,  -9.6875,  19.6875, 16332, 32.9375, -6.2500, 13.6875 
  0.5900,   5.5800,   7.3400, -27.3750,  31.1875,  44.1875, 152.0000, -12.9375,  11.9375, 16352, 36.0000, -7.0000, 14.1875 
  0.6400,   6.1600,   7.1000, -26.1875,  38.5000,  40.0625, 162.8750, -18.1875,   0.5625, 16369, 39.0000, -7.6875, 14.3750 
  0.5200,   6.3300,   6.6600, -26.1875,  38.5000,  40.0625, 150.4375, -16.2500, -16.7500, 16390, 42.0625, -8.1250, 14.1250 
  0.7500,   6.9100,   6.4300, -26.1875,  38.5000,  40.0625, 154.1250, -15.3750, -25.0625, 16407, 45.0000, -8.3750, 13.8125 
  0.7000,   7.5000,   6.1800, -26.5625,  45.0000,  33.8750, 150.4375, -16.4375, -35.1250, 16425, 48.0000, -8.5000, 13.1875 
  0.4600,   7.4200,   5.8000, -26.5625,  45.0000,  33.8750, 109.5000,  -7.2500, -29.1875, 16444, 49.3125, -8.4375, 12.8750 
  0.5200,   7.6200,   5.7400, -26.5625,  45.0000,  33.8750, 100.6250,  -0.4375, -19.7500, 16461, 51.4375, -8.3125, 12.4375 
  0.4500,   7.8300,   5.4400, -26.1875,  49.6875,  29.0000,  80.0625,   5.3125, -13.0000, 16482, 53.3125, -8.1875, 12.1875 
  0.4700,   8.1900,   5.3500, -26.1875,  49.6875,  29.0000,  65.6250,   6.8125, -11.0625, 16502, 54.8125, -8.0625, 12.0625 
  0.1600,   7.8000,   4.9100, -28.3750,  51.8750,  25.3750,  53.3750,   9.2500,  -7.6875, 16520, 56.0000, -7.8750, 12.0000 
  0.3300,   8.1300,   4.8300, -28.3750,  51.8750,  25.3750,  50.7500,   6.5625,  -6.3750, 16539, 57.0000, -7.6875, 12.0000 
  0.1800,   8.3300,   4.7600, -28.3750,  51.8750,  25.3750,  41.8125,   6.8125,  -3.5000, 16557, 57.8125, -7.6250, 12.0625 
  0.1900,   8.3400,   4.8400, -27.6875,  53.5625,  23.2500,  29.5000,   3.3750,  -5.6875, 16574, 58.1875, -7.5625, 12.0625 
  0.1600,   8.2300,   4.6900, -27.6875,  53.5625,  23.2500,  20.6875,   3.8125,  -8.7500, 16593, 58.7500, -7.4375, 12.0000 
  0.1500,   8.2800,   4.7000, -27.6875,  53.5625,  23.2500,  23.0000,   4.5000, -10.0625, 16611, 59.1875, -7.0625, 11.8750 
  0.2000,   8.6000,   4.7200, -28.7500,  52.6875,  21.3750,  18.1875,   4.1250,  -8.5000, 16630, 59.6875, -6.6875, 11.6875 
  0.1200,   8.3600,   4.5800, -28.7500,  52.6875,  21.3750,  -5.3125,   5.9375,  -3.1250, 16652, 59.6875, -6.4375, 11.6875 
  0.1600,   8.2200,   4.4900, -29.5000,  52.8750,  19.5000, -19.7500,   5.6250,  -4.2500, 16669, 59.3750, -6.0625, 11.6250 
  0.0500,   8.1800,   4.5900, -29.5000,  52.8750,  19.5000, -26.6250,  10.4375,  -8.4375, 16688, 58.9375, -5.5625, 11.5625 
  0.3500,   8.7400,   4.7500, -29.5000,  52.8750,  19.5000, -44.1250,  16.4375, -17.0000, 16705, 58.2500, -4.6875, 11.4375 
 -0.0000,   8.5100,   5.2300, -29.5000,  53.2500,  20.0000, -91.3750,  30.3125, -29.3750, 16722, 57.6250, -4.0000, 11.3125 
  0.0700,   8.5000,   5.6000, -29.5000,  53.2500,  20.0000, -133.9375,  29.5000, -33.6875, 16743, 55.6875, -2.3750, 11.0000 
 -0.4900,   7.0700,   5.6900, -29.5000,  53.2500,  20.0000, -140.1250,  32.0000, -38.1875, 16760, 53.0625, -0.6875, 10.5625 
 -0.3700,   7.1500,   5.6800, -31.0000,  51.0625,  23.1875, -114.3125,  29.5000, -28.7500, 16781, 50.7500, 0.6250, 10.2500 
 -0.7600,   7.0400,   6.2400, -31.0000,  51.0625,  23.1875, -116.2500,  26.0000, -27.5625, 16800, 48.5000, 1.7500, 10.0000 
 -0.8100,   6.5600,   6.4200, -33.1875,  45.6875,  27.0625, -111.5625,   1.0000, -27.2500, 16818, 46.3125, 2.3750, 9.5000 
 -0.5200,   6.8300,   7.1000, -33.1875,  45.6875,  27.0625, -119.8125,  -7.3750, -15.8125, 16835, 44.0625, 2.5000, 9.1250 
 -0.5500,   6.2300,   7.0000, -33.1875,  45.6875,  27.0625, -148.8125,  -1.7500, -20.5625, 16855, 42.7500, 2.5625, 9.0000 
 -0.5500,   6.2900,   7.4200, -34.1875,  42.3750,  31.7500, -138.3125,   1.8125, -24.0000, 16872, 39.9375, 2.8125, 8.6250 
 -0.7800,   5.3100,   7.5400, -34.1875,  42.3750,  31.7500, -158.3125,   5.3750, -33.0625, 16892, 37.0625, 3.3125, 8.1250 
 -0.7400,   5.4400,   8.3600, -34.1875,  42.3750,  31.7500, -161.2500,   7.3750, -29.3125, 16910, 33.9375, 3.6875, 7.6250 
 -0.7400,   4.8200,   8.8400, -35.0000,  37.6875,  36.5000, -170.2500,  -3.0625, -21.5625, 16928, 30.5625, 3.8125, 7.2500 
 -0.6500,   4.4300,   9.0700, -35.0000,  37.6875,  36.5000, -174.8750,  -7.1250, -25.3125, 16946, 27.3125, 3.8125, 6.8750 
 -0.7100,   3.8200,   8.9500, -35.0000,  37.6875,  36.5000, -205.1250,  -6.3750, -37.1250, 16963, 25.3750, 3.8125, 6.6250 
 -1.0200,   2.6500,   7.8900, -35.6875,  29.7500,  41.5625, -187.2500, -17.8750, -46.0000, 16984, 21.3125, 3.9375, 5.9375 
 -0.6600,   2.8600,   9.5400, -35.6875,  29.7500,  41.5625, -128.9375, -32.0625, -37.9375, 17004, 18.1250, 3.6875, 5.1250 
 -0.5500,   2.5100,   9.1500, -35.6875,  21.5625,  46.0000, -150.6875, -36.8125, -35.7500, 17021, 15.3750, 3.1875, 4.3750 
 -0.4700,   1.6900,   9.1200, -35.6875,  21.5625,  46.0000, -157.0000, -28.9375, -31.5625, 17041, 12.3125, 2.7500, 3.7500 
 -0.4900,   1.0300,   9.3600, -35.6875,  21.5625,  46.0000, -175.9375, -31.3750, -19.6250, 17058, 9.0000, 2.1875, 3.3125 
 -0.2400,   0.3900,   9.7800, -34.6875,  13.6875,  47.5625, -177.0000, -33.3750,  -3.3125, 17075, 7.1875, 1.8750, 3.2500 
 -0.2200,   0.3300,   9.5700, -34.6875,  13.6875,  47.5625, -171.1250, -25.6875,   4.1875, 17094, 3.8125, 1.2500, 3.2500 
 -0.2000,   0.0500,   9.6800, -34.6875,  13.6875,  47.5625, -159.5000, -24.1250,   6.8125, 17112, 0.6250, 0.7500, 3.3750 
 -0.1200,  -0.2300,   9.6700, -33.2500,   5.5625,  52.0000, -118.0625, -24.8750,   5.8125, 17132, -1.8125, 0.2500, 3.5000 
  0.0300,  -0.5700,   9.7800, -33.2500,   5.5625,  52.0000, -66.4375, -15.8750,   4.0000, 17152, -3.3125, 0.0000, 3.5625 
  0.1000,  -0.6500,   9.9600, -32.8750,   0.1875,  51.3750, -40.5625, -21.0625,   7.6875, 17169, -4.2500, -0.3750, 3.7500 
  0.1100,  -0.7100,   9.8800, -32.8750,   0.1875,  51.3750, -26.6875,   4.5625,   7.4375, 17186, -4.5000, -0.4375, 3.8125 
  0.3000,  -1.2900,  10.2300, -32.8750,   0.1875,  51.3750, -39.4375,  11.0000,  11.5625, 17206, -5.0625, -0.3125, 3.9375 
  0.1700,  -1.2200,  10.0800, -31.7500,  -2.7500,  52.1875, -67.6875,   8.1250,  14.7500, 17223, -6.0625, -0.0625, 4.1875 
 -0.0700,  -1.0900,   9.3200, -31.7500,  -2.7500,  52.1875, -79.8750,   2.8750,  19.9375, 17244, -7.8125, 0.1250, 4.5625 
 -0.0000,  -1.2700,   9.5500, -31.7500,  -2.7500,  52.1875, -56.7500,  -9.0000,  22.5000, 17261, -9.1250, 0.1250, 5.0000 
  0.1100,  -1.6400,   9.7800, -32.8750,  -5.5000,  51.1875, -32.1875, -19.8125,  35.1875, 17280, -9.8125, -0.0625, 5.6250 
  0.0200,  -1.6200,   9.5500, -32.8750,  -5.5000,  51.1875, -33.3125,  -4.6875,  37.7500, 17297, -10.4375, -0.1250, 6.3750 
  0.0900,  -1.6600,   9.8400, -32.8750,  -5.5000,  51.1875,  -6.2500,  -2.3125,  27.7500, 17314, -10.6875, -0.0625, 6.7500 
  0.0400,  -1.6700,   9.7100, -32.5000,  -7.2500,  51.5625,   5.3125,  -2.4375,  18.9375, 17335, -10.7500, 0.0000, 7.0625 
  0.0900,  -2.0800,   9.9400, -32.5000,  -7.2500,  51.5625,  -0.1250,   4.3750,   9.0000, 17354, -10.5625, 0.0000, 7.3750 
 -0.0300,  -1.6600,   9.6700, -32.5000,  -7.7500,  51.2500, -12.0000,   9.5625,   7.2500, 17372, -10.6875, 0.1250, 7.2500 
  0.0100,  -1.9400,   9.6900, -32.5000,  -7.7500,  51.2500,   2.7500,  -3.9375,   3.6250, 17391, -10.6875, 0.1875, 7.3125 
 -0.0000,  -1.5600,   9.5600, -32.5000,  -7.7500,  51.2500, -20.1875,  -5.3750,   5.2500, 17408, -11.0000, 0.0625, 7.4375 
  0.0200,  -1.7000,   9.6200, -33.5625,  -6.2500,  52.5000,  -6.1875,  -5.5625,   2.5000, 17426, -11.1250, 0.0000, 7.4375 
 -0.0000,  -1.6200,   9.6200, -33.5625,  -6.2500,  52.5000,   5.9375, -10.9375,   2.6250, 17445, -11.1875, 0.0000, 7.5000 
  0.0400,  -1.8800,   9.7300, -33.5625,  -6.2500,  52.5000,  14.4375, -13.0000,   0.4375, 17463, -11.0000, -0.2500, 7.5625 
  0.1000,  -1.7600,   9.6200, -32.8750,  -7.3750,  52.0625,  12.2500, -12.3125,  -1.8125, 17480, -10.8125, -0.5000, 7.4375 
  0.1900,  -1.7400,   9.7600, -32.8750,  -7.3750,  52.0625,  30.1250, -18.7500,  -5.1875, 17498, -10.2500, -0.8125, 7.3750 
  0.1900,  -1.6900,   9.8000, -32.8750,  -7.3750,  52.0625,  22.6875, -20.5625,  -1.9375, 17515, -10.0000, -1.0625, 7.3750 
  0.2000,  -1.6300,   9.8600, -31.7500,  -6.6875,  52.1875,  21.2500, -14.9375,  -2.0625, 17534, -9.5625, -1.3750, 7.3125 
  0.1800,  -1.5800,   9.7400, -31.7500,  -6.6875,  52.1875,  13.7500,  -2.8750,  -2.2500, 17554, -9.2500, -1.5000, 7.2500 
  0.2700,  -1.6400,   9.8700, -31.5000,  -5.5625,  52.5000,  10.6875,  -2.7500,  -0.1250, 17571, -9.0625, -1.5625, 7.1875 
  0.2800,  -1.5500,   9.8100, -31.5000,  -5.5625,  52.5000,   5.5625,  -0.9375,   0.6875, 17589, -8.9375, -1.5625, 7.2500 
  0.2100,  -1.3900,   9.5600, -31.5000,  -5.5625,  52.5000,   7.7500,   0.1875,   1.1250, 17607, -8.8750, -1.6250, 7.2500 
  0.2500,  -1.3900,   9.6800, -30.1875,  -5.1875,  52.5000,  13.1250,   1.6875,   0.1875, 17625, -8.6875, -1.5625, 7.1875 
  0.3800,  -1.3800,   9.8100, -30.1875,  -5.1875,  52.5000,  26.8125,  -2.0000,  -1.3750, 17645, -8.1875, -1.6250, 7.1875 
  0.2900,  -1.1900,   9.6300, -30.1875,  -5.1875,  52.5000,  11.5000,   2.8750,   0.3125, 17662, -7.8750, -1.5625, 7.1875 
  0.2800,  -1.3100,   9.8000, -31.3750,  -4.0625,  53.0000,  12.8125,   3.6875,  -1.0625, 17680, -7.6250, -1.5000, 7.1250 
  0.2400,  -1.3600,   9.8800, -31.3750,  -4.0625,  53.0000,  10.6250,   2.3750,  -0.7500, 17697, -7.5000, -1.5000, 7.1250 
  0.2300,  -1.1200,   9.7900, -31.3750,  -4.0625,  53.0000,   5.7500,   3.8125,   0.0000, 17715, -7.3125, -1.4375, 7.1250 
  0.2500,  -1.2200,   9.8800, -31.3750,  -2.6875,  53.3750,  14.0625,   5.8125,  -0.6250, 17733, -7.0625, -1.3125, 7.1250 
  0.2200,  -1.1900,   9.8700, -31.3750,  -2.6875,  53.3750,   5.9375,   2.9375,   0.3125, 17753, -6.8750, -1.2500, 7.1250 
  0.2200,  -1.2100,   9.8400, -31.6875,  -2.6875,  53.0000,   8.8125,   3.3125,   0.3750, 17770, -6.7500, -1.1875, 7.1250 
  0.2200,  -1.1300,   9.8100, -31.6875,  -2.6875,  53.0000,   6.0625,   1.6875,   0.8750, 17788, -6.6250, -1.1250, 7.1250 
  0.1600,  -1.1300,   9.8000, -31.6875,  -2.6875,  53.0000,   0.9375,   1.3750,   0.8750, 17807, -6.5625, -1.1250, 7.1250 
  0.0900,  -1.1600,   9.8100, -31.3750,  -2.2500,  52.5625,   0.0625,   4.3125,   1.0625, 17825, -6.5625, -1.0625, 7.1250 
  0.1300,  -1.0900,   9.7400, -31.3750,  -2.2500,  52.5625,  10.2500,  11.4375,  -0.6875, 17845, -6.3750, -0.8750, 7.1250 
  0.0600,  -0.9900,   9.5300, -31.3750,  -2.2500,  52.5625,   1.0625,   8.1875,   1.0625, 17862, -6.3125, -0.6875, 7.1250 
  0.0600,  -1.1300,   9.8100, -31.0000,  -1.5625,  53.0000,   5.5625,   2.5000,   0.8750, 17880, -6.1875, -0.6250, 7.1250 
 -0.0000,  -1.0200,   9.7500, -31.0000,  -1.5625,  53.0000,   0.9375,   3.1875,   0.9375, 17898, -6.1875, -0.5625, 7.1250 
  0.0100,  -1.0500,   9.7700, -31.0000,  -1.5625,  53.0000,   4.4375,   3.0000,  -0.1875, 17915, -6.1250, -0.5000, 7.1875 
  0.0500,  -0.9900,   9.7600, -31.6875,  -1.1875,  52.5625,   2.8125,   3.3750,  -1.1250, 17933, -6.0625, -0.4375, 7.1875 
 -0.0000,  -0.8500,   9.6000, -31.6875,  -1.1875,  52.5625,   9.5000,  -2.6250,  -3.2500, 17950, -5.9375, -0.5000, 7.1250 
  0.1200,  -1.1300,   9.9000, -32.7500,  -2.0000,  53.0000,   1.3125,  -3.3750,  -1.8125, 17968, -5.8750, -0.5000, 7.0625 
  0.0600,  -0.9800,   9.8000, -32.7500,  -2.0000,  53.0000,  -0.7500,   0.1250,   0.1250, 17987, -5.8750, -0.5625, 7.0625 
  0.0500,  -0.9700,   9.7800, -32.7500,  -2.0000,  53.0000,   4.1875,   1.3750,   1.0625, 18008, -5.8750, -0.5625, 7.0625 
  0.0700,  -1.0500,   9.8000, -31.3750,  -1.5625,  52.8750,   3.2500,   1.6875,   0.7500, 18024, -5.8125, -0.5000, 7.0625 
  0.1100,  -1.0200,   9.8500, -31.3750,  -1.5625,  52.8750,   9.0625,  -0.6250,  -1.6875, 18043, -5.6250, -0.5000, 7.0625 
  0.0700,  -0.8300,   9.6700, -31.3750,  -1.5625,  52.8750,   4.5625,  -2.0000,  -0.5000, 18061, -5.5625, -0.5625, 7.0625 
  0.0900,  -0.8400,   9.7700, -31.6875,  -2.0000,  52.5625,   5.8750,  -2.1250,  -0.5000, 18078, -5.5000, -0.5625, 7.0000 
  0.1200,  -0.9200,   9.8500, -31.6875,  -2.0000,  52.5625,   1.2500,   0.3125,   1.0625, 18098, -5.3750, -0.6250, 7.0000 
  0.1200,  -0.9600,   9.8000, -31.6875,  -2.0000,  52.5625,   2.8125,  -2.2500,   0.5625, 18115, -5.3750, -0.6250, 7.0000 
  0.1300,  -0.8400,   9.8600, -32.0000,  -1.1875,  51.7500,   5.5000,  -1.8125,  -0.2500, 18132, -5.2500, -0.6875, 7.0000 
  0.1700,  -0.9500,   9.9400, -32.0000,  -1.1875,  51.7500,   1.3125,   1.1250,  -0.1250, 18150, -5.1875, -0.6875, 7.0000 
  0.1100,  -0.8700,   9.8500, -32.0000,  -1.1875,  51.7500,   0.1875,   4.6875,   0.6250, 18167, -5.1875, -0.6250, 7.0000 
  0.0800,  -0.8900,   9.7000, -32.0000,  -1.1875,  53.0000,  -0.2500,   5.8750,   0.5000, 18186, -5.1875, -0.5625, 7.0000 
  0.1100,  -0.8900,   9.8400, -32.0000,  -1.1875,  53.0000,  -2.2500,   3.3750,  -0.3125, 18206, -5.2500, -0.4375, 7.0000 
  0.0700,  -0.9000,   9.8600, -32.0000,  -2.0000,  52.5625,  -6.0000,   5.6875,  -0.0625, 18224, -5.3750, -0.3750, 6.8750 
 -0.0000,  -0.8700,   9.7600, -32.0000,  -2.0000,  52.5625,  -0.4375,  11.0000,  -0.8750, 18241, -5.3750, -0.1875, 6.8750 
  0.0200,  -0.8700,   9.8300, -32.0000,  -2.0000,  52.5625,   8.3750,  10.1250,   0.3750, 18259, -5.3125, -0.0625, 6.8750 
  0.0200,  -0.8900,   9.8600, -32.7500,  -1.5625,  53.3750,   6.7500,  10.5000,   0.0000, 18277, -5.1875, 0.0625, 6.8750 
 -0.0500,  -0.7800,   9.7200, -32.7500,  -1.5625,  53.3750,   0.8750,  12.7500,   0.1250, 18297, -5.1875, 0.3125, 6.8125 
 -0.1200,  -0.9100,   9.8600, -32.7500,  -1.5625,  53.3750,   6.8125,  15.0000,  -1.2500, 18314, -5.0625, 0.5625, 6.8125 
 -0.1400,  -0.9000,   9.7800, -32.3750,  -0.5000,  51.0000,   3.9375,  16.0625,  -0.4375, 18331, -4.9375, 0.8750, 6.8125 
 -0.2100,  -0.8300,   9.6900, -32.3750,  -0.5000,  51.0000,  -2.9375,  14.1875,   0.2500, 18350, -4.9375, 1.0000, 6.8125 
 -0.2500,  -0.8300,   9.6900, -32.3750,  -0.5000,  51.0000,  -2.8125,  14.1250,   0.6250, 18367, -5.0000, 1.3125, 6.7500 
 -0.3400,  -0.8800,   9.7600, -33.8750,  -0.8750,  51.3750,   3.6875,   9.8750,  -0.3750, 18384, -5.0000, 1.5000, 6.7500 
 -0.3400,  -0.7900,   9.7600, -33.8750,  -0.8750,  51.3750,   5.3125,   8.6875,  -0.1250, 18402, -4.8750, 1.6875, 6.7500 
 -0.3500,  -0.8300,   9.7500, -33.8750,  -2.0000,  51.7500,   4.1875,   9.9375,  -0.8750, 18419, -4.8125, 1.7500, 6.7500 
 -0.4000,  -0.7000,   9.7100, -33.8750,  -2.0000,  51.7500,   6.5000,  11.3125,  -1.6875, 18439, -4.7500, 1.9375, 6.6250 
 -0.4100,  -0.8300,   9.8500, -33.8750,  -2.0000,  51.7500,   2.8125,  13.1875,  -0.7500, 18458, -4.6250, 2.1875, 6.5625 
 -0.4200,  -0.7600,   9.7800, -34.1875,  -0.5000,  50.6875,   2.6250,  11.0625,  -0.2500, 18476, -4.5625, 2.4375, 6.5625 
 -0.4300,  -0.8300,   9.7900, -34.1875,  -0.5000,  50.6875,  -5.6875,   5.8750,   1.1250, 18494, -4.6250, 2.5625, 6.5625 
 -0.5200,  -0.8400,   9.8500, -34.1875,  -0.5000,  50.6875,  -4.5000,  10.0000,   1.6875, 18511, -4.7500, 2.7500, 6.5625 
 -0.5600,  -0.8200,   9.8000, -34.5625,  -0.8750,  49.5000,  -3.8125,   9.2500,   0.5625, 18529, -4.8125, 2.8125, 6.5625 
 -0.5800,  -0.8200,   9.6900, -34.5625,  -0.8750,  49.5000,   2.1250,   4.1250,  -0.6250, 18549, -4.8125, 3.0000, 6.5625 
 -0.5200,  -0.8100,   9.6800, -34.5625,  -0.8750,  49.5000,   6.3125,   2.4375,  -0.7500, 18567, -4.7500, 3.0625, 6.5625 
 -0.5300,  -0.8000,   9.8000, -35.7500,  -0.1875,  50.5625,   3.5000,  -2.2500,  -0.2500, 18583, -4.6875, 3.0000, 6.5000 
 -0.5300,  -0.8300,   9.8600, -35.7500,  -0.1875,  50.5625,   0.7500,  -0.5000,  -0.8125, 18601, -4.6250, 3.0000, 6.5000 
 -0.5400,  -0.8100,   9.8600, -35.7500,  -0.1875,  50.5625,  -4.6250,   9.1875,  -0.5000, 18619, -4.6875, 3.0625, 6.5000 
 -0.6100,  -0.8500,   9.8200, -35.5000,  -0.5000,  49.5000,  -3.3750,  10.8750,  -0.5000, 18638, -4.7500, 3.2500, 6.5000 
 -0.5600,  -0.7600,   9.7600, -35.5000,  -0.5000,  49.5000,   3.5000,  10.5625,  -0.5000, 18659, -4.6875, 3.4375, 6.5000 
 -0.5800,  -0.8900,  10.0100, -35.7500,  -1.5625,  50.6875,   3.6875,  14.5625,   0.2500, 18676, -4.6250, 3.6875, 6.5000 
 -0.7900,  -0.7800,   9.9700, -35.7500,  -1.5625,  50.6875,   0.1250,  37.5000,   0.4375, 18694, -4.6250, 4.3125, 6.5000 
 -0.9000,  -0.8000,   9.9500, -35.7500,  -1.5625,  50.6875,   3.6875,  50.3750,   0.1250, 18711, -4.5625, 4.7500, 6.4375 
 -1.0000,  -0.7400,   9.8100, -36.5000,  -1.5625,  49.5000,   2.5000,  62.0000,   2.0000, 18729, -4.5000, 5.7500, 6.3125 
 -1.1600,  -0.7400,   9.7200, -36.5000,  -1.5625,  49.5000,  -5.1250,  72.9375,   0.7500, 18749, -4.5000, 7.0000, 6.3125 
 -1.4300,  -0.8000,   9.7100, -36.5000,  -1.5625,  49.5000,  -7.0625,  80.6875,  -0.6250, 18766, -4.6250, 8.5000, 6.2500 
 -1.6400,  -0.9500,   9.8100, -39.0625,  -0.1875,  48.2500, -10.0000,  98.3125,  -2.2500, 18785, -4.8125, 10.3125, 6.1875 
 -2.4100,  -0.9600,   9.9900, -39.0625,  -0.1875,  48.2500,  -7.0000, 117.0000,  -1.8125, 18802, -4.9375, 11.2500, 6.0625 
 -2.5900,  -1.0600,   9.6900, -39.0625,  -0.1875,  48.2500,   3.1250, 196.7500,  -5.6250, 18820, -4.8750, 14.1250, 5.9375 
 -2.8100,  -0.7600,   9.2500, -41.8750,  -0.5000,  44.6875, -10.2500, 198.0000,  -9.4375, 18840, -4.9375, 18.0000, 5.6875 
 -3.4500,  -0.7900,   8.8100, -41.8750,  -0.5000,  44.6875,  -4.3750, 178.9375,  -4.6250, 18860, -5.1875, 21.6875, 5.3750 
 -3.9700,  -0.8200,   8.9700, -48.7500,  -1.1875,  36.8750,  -5.3125, 179.6875,  -4.7500, 18877, -5.3125, 25.1250, 5.1250 
 -4.5400,  -0.9400,   8.5600, -48.7500,  -1.1875,  36.8750, -10.0000, 160.9375,  -5.3125, 18896, -5.5000, 28.3750, 4.8750 
 -4.9000,  -0.9900,   8.4200, -48.7500,  -1.1875,  36.8750, -10.6875, 142.7500,  -7.5000, 18914, -5.7500, 31.1875, 4.6250 
 -5.2200,  -0.9100,   8.0500, -55.3750,  -1.1875,  28.2500, -13.1250, 111.3125, -10.6250, 18931, -5.8750, 32.5000, 4.5000 
 -5.4200,  -1.1000,   7.9800, -55.3750,  -1.1875,  28.2500,  -9.3750,  81.6875, -10.6250, 18951, -6.1875, 34.4375, 4.2500 
 -5.5500,  -0.9500,   7.7100, -55.3750,  -1.1875,  28.2500,  -9.7500,  71.8750, -11.1875, 18968, -6.4375, 35.9375, 4.0000 
 -5.7300,  -1.2000,   7.7300, -59.5000,  -2.6875,  21.0000,   4.4375,  54.6250,  -7.0000, 18989, -6.5625, 37.0625, 3.8125 
 -5.8600,  -0.9700,   7.5100, -59.5000,  -2.6875,  21.0000,  16.6250,  47.0625,  -4.2500, 19009, -6.3750, 37.9375, 3.5625 
 -5.8900,  -0.9200,   7.3000, -61.5000,  -3.0000,  16.7500,  23.7500,  37.6250,  -1.3750, 19026, -6.0625, 38.6875, 3.3125 
 -5.9900,  -0.8700,   7.1100, -61.5000,  -3.0000,  16.7500,  20.0625,  35.7500,   3.2500, 19044, -5.7500, 39.3750, 3.1875 
 -6.2500,  -0.9000,   7.2000, -61.5000,  -3.0000,  16.7500,   8.5000,  49.4375,  -2.0625, 19062, -5.6250, 39.7500, 3.1250 
 -6.2600,  -0.9200,   7.2200, -62.2500,  -2.5625,  15.0000,   5.5625,  55.8750,   1.3125, 19080, -5.5000, 40.7500, 3.0000 
 -6.5300,  -0.9900,   7.1900, -62.2500,  -2.5625,  15.0000,   3.0000,  65.4375,  -2.7500, 19100, -5.5000, 42.0000, 2.8750 
 -6.7600,  -1.0500,   7.3300, -62.2500,  -2.5625,  15.0000,   6.0625,  60.3125,  -2.5625, 19118, -5.4375, 43.1875, 2.7500 
 -6.9200,  -1.0100,   7.2300, -62.7500,  -2.8750,  13.0625,   3.3750,  46.7500,  -5.1875, 19136, -5.4375, 44.1875, 2.5625 
 -6.9000,  -0.9700,   7.1200, -62.7500,  -2.8750,  13.0625,   2.3125,  33.0000,  -1.5000, 19153, -5.4375, 44.8750, 2.4375 
 -6.8300,  -0.9800,   7.0700, -62.7500,  -2.8750,  13.0625,   3.4375,  25.0625,   1.8750, 19171, -5.4375, 45.1250, 2.4375 
 -6.8400,  -0.9900,   6.9800, -64.1875,  -2.8750,  10.5000,   6.4375,  31.2500,   6.5000, 19191, -5.3750, 45.6250, 2.4375 
 -6.8800,  -0.8900,   6.8700, -64.1875,  -2.8750,  10.5000,   4.6250,  37.3750,   5.0625, 19211, -5.1875, 46.2500, 2.5000 
 -7.0400,  -0.8200,   6.8000, -64.1875,  -2.1875,   8.0625,   4.1250,  41.1250,   4.8125, 19228, -5.0625, 47.0000, 2.5000 
 -7.1300,  -0.8300,   6.6000, -64.1875,  -2.1875,   8.0625,  -1.3750,  44.8125,   0.2500, 19248, -5.0000, 47.8125, 2.4375 
 -6.9200,  -0.6500,   6.3300, -64.1875,  -2.1875,   8.0625,   9.3125,  51.0000,   4.3750, 19265, -4.9375, 48.7500, 2.4375 
 -7.4300,  -0.7100,   6.4500, -65.6875,  -2.1875,   6.1875,  13.6250,  53.4375,   7.6875, 19282, -4.7500, 49.3125, 2.4375 
 -7.4800,  -0.7700,   6.4000, -65.6875,  -2.1875,   6.1875,  10.6875,  41.1875,   5.6875, 19302, -4.5000, 50.2500, 2.3750 
 -7.6800,  -0.7600,   6.4200, -65.6875,  -2.1875,   6.1875,   9.6250,  36.1250,   5.6250, 19319, -4.3125, 51.0000, 2.3750 
 -7.6900,  -0.8100,   6.1600, -66.0000,  -2.5625,   2.3750,   2.6250,  27.5000,   0.7500, 19340, -4.2500, 51.5625, 2.3125 
 -7.6600,  -0.7600,   6.0600, -66.0000,  -2.5625,   2.3750,   3.0000,  22.0000,  -0.5625, 19360, -4.1875, 52.0000, 2.2500 
 -7.6500,  -0.6600,   5.7900, -65.7500,  -2.0625,   2.0625,   3.8125,  19.7500,   0.6250, 19378, -4.1250, 52.3750, 2.2500 
 -7.6200,  -0.6200,   5.6300, -65.7500,  -2.0625,   2.0625,   2.6250,  17.1875,  -1.3750, 19396, -4.1250, 52.6875, 2.1875 
 -7.7400,  -0.6400,   5.7600, -65.7500,  -2.0625,   2.0625,   1.8750,  15.6875,  -1.2500, 19415, -4.1250, 52.8750, 2.1250 
 -7.9700,  -0.7400,   5.9600, -67.1875,  -2.5000,   0.8750,  -2.8125,  16.9375,  -5.5000, 19432, -4.1250, 53.1875, 1.9375 
 -7.8800,  -0.7400,   5.8000, -67.1875,  -2.5000,   0.8750,  -0.8750,  13.8125,  -3.3750, 19451, -4.2500, 53.5000, 1.8125 
 -7.9400,  -0.7600,   5.8600, -67.1875,  -2.5000,   0.8750,   2.3125,  10.0000,   0.8750, 19469, -4.3125, 53.7500, 1.8125 
 -8.0600,  -0.8000,   5.8400, -65.7500,  -2.0625,  -0.1875,   5.2500,   2.6250,   3.0625, 19486, -4.1875, 53.8125, 1.7500 
 -8.0100,  -0.8100,   5.7700, -65.7500,  -2.0625,  -0.1875,   1.6250,  -5.9375,   1.0000, 19505, -4.1250, 53.8125, 1.7500 
 -7.9000,  -0.8000,   5.7800, -65.7500,  -2.0625,  -0.1875,  -0.5000,  -9.5000,  -0.2500, 19522, -4.1250, 53.6250, 1.7500 
 -7.7300,  -0.6400,   5.7500, -66.5000,  -2.0625,  -1.0000,   0.5625, -18.0000,   0.3125, 19542, -4.1250, 53.3750, 1.6875 
 -7.6400,  -0.5800,   5.7700, -66.5000,  -2.0625,  -1.0000,  -1.8750, -33.5000,  -1.5000, 19562, -4.1875, 52.8750, 1.6875 
 -7.6700,  -0.6400,   5.9600, -66.5000,  -1.7500,  -0.1875,   0.3750, -36.5625,   2.1250, 19579, -4.1875, 52.1875, 1.7500 
 -7.5900,  -0.7100,   6.1100, -66.5000,  -1.7500,  -0.1875,  -0.3750, -46.8750,   3.9375, 19598, -4.0625, 51.3125, 1.8750 
 -7.5500,  -0.6400,   6.5100, -66.5000,  -1.7500,  -0.1875,  -0.6250, -57.1875,   2.4375, 19615, -4.0625, 50.2500, 2.0000 
 -7.3500,  -0.6000,   6.5000, -65.7500,  -2.0625,   2.5625,   5.6875, -84.6875,  12.0000, 19633, -4.0000, 49.6250, 2.0625 
 -7.3100,  -0.6000,   6.7100, -65.7500,  -2.0625,   2.5625,   8.2500, -112.0000,  14.2500, 19653, -3.6875, 47.8125, 2.3125 
 -6.8600,  -0.6100,   6.8300, -65.7500,  -2.0625,   2.5625,  11.3125, -114.5625,  14.5000, 19671, -3.3750, 45.6250, 2.5625 
 -6.6600,  -0.4200,   7.2900, -65.3750,  -1.7500,   6.0625,  15.1250, -124.5000,   9.0000, 19689, -3.0000, 43.2500, 2.7500 
 -6.2500,  -0.3100,   7.3600, -65.3750,  -1.7500,   6.0625,  13.3750, -147.6875,   6.8750, 19707, -2.7500, 40.5625, 2.8750 
 -5.7300,  -0.4900,   7.8300, -64.6875,  -0.6875,  12.3750,  22.7500, -197.2500,   6.5000, 19725, -2.5625, 38.8750, 2.8750 
 -5.4800,  -0.4400,   8.1100, -64.6875,  -0.6875,  12.3750,  33.1875, -203.9375,  11.3125, 19744, -2.0625, 34.9375, 3.0000 
 -5.1400,  -0.5200,   8.6800, -64.6875,  -0.6875,  12.3750,   8.0625, -203.7500,  -0.7500, 19764, -1.5000, 31.0000, 3.0625 
 -4.2900,  -0.2600,   8.6900, -60.6875,  -0.2500,  22.5625,   5.3125, -210.4375,  -3.5000, 19782, -1.4375, 27.0000, 3.0625 
 -3.7000,  -0.2200,   8.8000, -60.6875,  -0.2500,  22.5625,   3.0625, -249.6250,  -3.2500, 19803, -1.3750, 22.3750, 3.0000 
 -2.6800,  -0.4400,   9.5900, -60.6875,  -0.2500,  22.5625,  12.5000, -280.9375,  -6.5625, 19820, -1.2500, 17.1250, 2.9375 
 -1.9200,  -0.2800,   9.4400, -54.1875,   1.1875,  33.0625,  -5.9375, -290.3750,  -6.6250, 19838, -1.3125, 11.4375, 2.8750 
 -0.8300,  -0.3900,   9.6600, -54.1875,   1.1875,  33.0625,   0.8750, -297.6875,  -8.0625, 19856, -1.3125, 8.5625, 2.8750 
 -0.5300,  -0.2500,   9.4000, -54.1875,   1.1875,  33.0625,  -8.7500, -282.1875,  -6.6250, 19873, -1.3750, 2.8750, 2.8125 
  0.4600,  -0.1600,   9.6200, -43.3750,  -0.2500,  46.5000, -16.0000, -236.1250,  -2.3125, 19894, -1.6250, -2.3750, 2.7500 
  1.0100,  -0.1800,   9.7300, -43.3750,  -0.2500,  46.5000, -16.5625, -156.2500,   2.3750, 19914, -1.9375, -6.5625, 2.7500 
  1.3800,  -0.1400,   9.6300, -30.8750,   0.0000,  54.5625, -11.3125, -124.4375,   4.1250, 19932, -2.1875, -9.2500, 2.8750 
  1.5800,  -0.2000,   9.6500, -30.8750,   0.0000,  54.5625,  -6.3750, -62.7500,   3.0000, 19951, -2.3750, -10.6875, 2.9375 
  1.8600,  -0.5000,   9.8600, -30.8750,   0.0000,  54.5625,   3.5625, -17.9375,   3.4375, 19969, -2.3125, -11.2500, 3.0000 
  2.0200,  -0.5500,  10.1500, -22.2500,  -1.3750,  59.8750,   3.3125,  -5.6250,   6.3125, 19986, -2.3125, -11.3125, 3.0625 
  1.9600,  -0.4700,  10.0700, -22.2500,  -1.3750,  59.8750,   4.1250,  -1.6250,   7.8750, 20005, -2.2500, -11.3750, 3.1875 
  1.9700,  -0.3900,   9.8500, -22.2500,  -1.3750,  59.8750,   6.6875,   1.1250,   7.2500, 20023, -2.1875, -11.3750, 3.3750 
  1.9000,  -0.3300,   9.7200, -20.5625,  -0.6875,  60.0625,  11.3750,   5.1250,  10.3125, 20042, -2.0625, -11.3125, 3.5625 
  1.8900,  -0.3000,   9.6600, -20.5625,  -0.6875,  60.0625,  11.3125,   6.1875,  12.1250, 20062, -1.8750, -11.1875, 3.8125 
  1.9300,  -0.2900,   9.7300, -21.3750,  -0.6875,  59.8750,   7.8125,   9.0000,  10.1875, 20079, -1.7500, -11.0000, 4.0625 
  1.7200,  -0.2100,   9.5600, -21.3750,  -0.6875,  59.8750,  10.3125,  15.6250,  11.2500, 20097, -1.6250, -10.7500, 4.2500 
  1.7000,  -0.1200,   9.6500, -21.3750,  -0.6875,  59.8750,  18.0000,  26.9375,   7.8750, 20116, -1.5000, -10.5625, 4.3750 
  1.6600,  -0.2200,   9.7900, -21.3750,   0.7500,  60.3750,  16.6250,  26.7500,   8.0625, 20133, -1.1875, -10.0000, 4.5625 
  1.5700,  -0.2000,   9.8300, -21.3750,   0.7500,  60.3750,   7.7500,  27.7500,   6.0625, 20154, -1.0000, -9.5000, 4.6875 
  1.3900,  -0.0700,   9.6600, -21.3750,   0.7500,  60.3750,  12.0625,  30.3750,   4.4375, 20171, -0.8125, -8.8750, 4.8125 
  1.3400,  -0.1000,   9.7400, -22.1875,   1.1875,  59.5625,  15.2500,  30.0000,   4.2500, 20188, -0.5625, -8.3125, 4.8750 
  1.2200,  -0.1100,   9.7200, -22.1875,   1.1875,  59.5625,  17.0000,  33.9375,   4.6250, 20206, -0.3750, -8.0000, 4.9375 
  1.2000,  -0.1100,   9.6700, -22.1875,   1.1875,  59.5625,  13.4375,  32.5000,   4.0625, 20224, -0.1250, -7.3750, 5.0625 
  1.1800,  -0.0500,   9.6400, -24.7500,   2.1875,  60.5000,   7.3750,  15.6875,   4.6250, 20243, 0.0000, -6.9375, 5.1250 
  1.1200,  -0.0100,   9.7500, -24.7500,   2.1875,  60.5000,   2.1250,   1.6875,   3.7500, 20263, 0.0625, -6.8750, 5.2500 
  1.1100,  -0.0800,   9.9400, -26.8750,   2.5625,  58.8750,  -0.9375,   3.6875,   4.5000, 20281, 0.0000, -6.8125, 5.3125 
  1.0800,  -0.0300,   9.6800, -26.8750,   2.5625,  58.8750,  -2.3750,   2.0625,   3.1875, 20298, 0.0000, -6.7500, 5.3750 
  1.1000,   0.0600,   9.6500, -26.8750,   2.5625,  58.8750,  -0.1250,  -6.3125,  -0.1875, 20317, 0.0000, -6.8125, 5.3750 
  1.0700,   0.0600,   9.6400, -25.8750,   2.5625,  59.3750,  -0.3125,  -5.5625,   0.0000, 20334, 0.0000, -6.8750, 5.3750 
  1.1200,  -0.0700,   9.7700, -25.8750,   2.5625,  59.3750,  -3.1875,  -2.7500,   0.8125, 20354, 0.0000, -6.9375, 5.3750 
  1.0900,  -0.0600,   9.7900, -25.8750,   2.5625,  59.3750,  -6.1875,  -0.1250,   0.8750, 20371, -0.1250, -7.0000, 5.3750 
  1.1100,  -0.0900,   9.7700, -25.5625,   3.0000,  57.7500,  -4.9375,   0.9375,  -0.6250, 20388, -0.2500, -6.9375, 5.3750 
  1.0900,  -0.1800,   9.7400, -25.5625,   3.0000,  57.7500,  -5.3125,  -0.3750,   1.1875, 20407, -0.3125, -6.9375, 5.3750 
  1.0600,  -0.1500,   9.7300, -25.5625,   3.0000,  57.7500,  -5.0000,  -0.6250,   1.6250, 20424, -0.4375, -6.9375, 5.3750 
  1.0800,  -0.1300,   9.8100, -25.5625,   3.0000,  59.6875,  -1.3125,   1.3750,   1.1875, 20443, -0.5000, -6.9375, 5.4375 
  1.0800,  -0.1300,   9.7300, -25.5625,   3.0000,  59.6875,  -0.0625,   1.6250,   1.0625, 20462, -0.5000, -6.8750, 5.4375 
  1.0500,  -0.1600,   9.7300, -26.0000,   2.5625,  58.1875,  -1.9375,   0.6250,   1.6250, 20480, -0.5000, -6.8750, 5.4375 
  1.0200,  -0.1600,   9.7200, -26.0000,   2.5625,  58.1875,  -2.5000,   3.8125,   2.0000, 20498, -0.5625, -6.8750, 5.4375 
  1.0400,  -0.1700,   9.7400, -26.0000,   2.5625,  58.1875,  -6.0625,   3.5625,   2.2500, 20517, -0.6250, -6.8125, 5.5000 
  1.0000,  -0.1300,   9.6200, -26.0000,   2.5625,  57.7500,  -5.0000,   3.4375,   2.3125, 20535, -0.7500, -6.6875, 5.5625 
  1.0000,  -0.1800,   9.7100, -26.0000,   2.5625,  57.7500,  -0.5000,   1.4375,   1.0000, 20554, -0.7500, -6.6875, 5.5625 
  1.0400,  -0.2300,   9.8300, -26.0000,   2.5625,  57.7500,  -0.8125,   1.2500,   0.6250, 20572, -0.8125, -6.6250, 5.5625 
  1.0600,  -0.2000,   9.8400, -25.5625,   2.1875,  58.8750,  -2.3125,   4.3750,   1.5625, 20589, -0.8125, -6.5625, 5.5625 
  1.0200,  -0.1600,   9.7600, -25.5625,   2.1875,  58.8750,  -0.8125,   4.6875,   2.3750, 20608, -0.8750, -6.5000, 5.6250 
  0.9900,  -0.1900,   9.7200, -25.5625,   2.1875,  58.8750,  -0.9375,   5.1875,   2.1875, 20625, -0.8750, -6.4375, 5.6250 
  0.9600,  -0.1800,   9.7100, -26.2500,   2.5625,  59.2500,  -1.3125,   4.8125,   1.6250, 20643, -0.9375, -6.3125, 5.6875 
  0.9900,  -0.1900,   9.7400, -26.2500,   2.5625,  59.2500,   0.1875,   5.3750,   1.5625, 20662, -0.9375, -6.1875, 5.6875 
  0.9900,  -0.1500,   9.8400, -26.6875,   2.1875,  58.5000,  -2.3750,   8.0000,   1.6875, 20679, -0.9375, -6.0625, 5.7500 
  0.9700,  -0.2300,   9.8000, -26.6875,   2.1875,  58.5000,  -1.1250,   5.7500,   1.1250, 20698, -0.9375, -5.9375, 5.7500 
  0.9700,  -0.2400,   9.8200, -26.6875,   2.1875,  58.5000,   0.6875,  -0.8750,   0.2500, 20717, -1.0000, -5.8750, 5.7500 
  0.9400,  -0.1900,   9.8700, -26.6875,   3.6875,  58.1875,   1.6875,  -1.8125,  -0.3750, 20734, -0.9375, -5.9375, 5.8750 
  0.9100,  -0.1700,   9.7600, -26.6875,   3.6875,  58.1875,  -0.2500,  -1.4375,  -0.3750, 20754, -0.9375, -5.9375, 5.8750 
  0.8700,  -0.1700,   9.7500, -26.6875,   3.6875,  58.1875,  -2.1875,   2.0000,   0.3750, 20771, -1.0000, -5.9375, 5.8750 
  0.8600,  -0.1700,   9.7000, -26.6875,   2.1875,  57.3750,  -0.7500,   4.5000,   1.2500, 20789, -1.0000, -5.8125, 5.8750 
  0.8700,  -0.2000,   9.7900, -26.6875,   2.1875,  57.3750,   0.5625,   5.5000,   2.1875, 20808, -1.0000, -5.8125, 5.9375 
  0.9500,  -0.1700,   9.7100, -26.6875,   2.1875,  57.3750,   0.0625,   5.6250,   2.2500, 20826, -1.0000, -5.6875, 5.9375 
  0.9000,  -0.1900,   9.6600, -26.2500,   1.5000,  58.8750,  -1.2500,   1.6250,   0.9375, 20844, -1.0000, -5.6250, 5.9375 
  0.8800,  -0.2300,   9.7600, -26.2500,   1.5000,  58.8750,  -0.6250,  -0.7500,  -0.3125, 20864, -1.0000, -5.6250, 5.9375 
  0.9200,  -0.2100,   9.8100, -27.7500,   2.1875,  58.1875,  -0.9375,  -1.3125,  -0.5625, 20881, -1.0625, -5.6250, 5.9375 
  0.8800,  -0.1900,   9.7100, -27.7500,   2.1875,  58.1875,  -0.8750,  -1.8125,  -0.5625, 20899, -1.0625, -5.6875, 5.9375 
  0.9300,  -0.2000,   9.7600, -27.7500,   2.1875,  58.1875,  -0.0000,  -4.8125,  -1.0625, 20918, -1.0625, -5.6875, 5.9375 
  0.9400,  -0.2000,   9.7700, -26.6875,   1.5000,  58.5000,  -2.5625,  -4.6875,  -0.8125, 20936, -1.0625, -5.8125, 5.8750 
  0.9900,  -0.1600,   9.8100, -26.6875,   1.5000,  58.5000,  -3.0625,  -2.0000,  -0.4375, 20956, -1.1250, -5.8750, 5.8750 
  0.9600,  -0.2300,   9.8700, -26.6875,   1.5000,  58.5000,   1.3125,   3.7500,   0.5000, 20973, -1.1250, -5.8125, 5.8750 
  0.9600,  -0.2100,   9.8900, -26.6875,   1.7500,  57.3750,   1.6250,   6.1250,   0.0625, 20990, -1.1250, -5.6875, 5.8750 
  0.9200,  -0.2400,   9.8000, -26.6875,   1.7500,  57.3750,  -1.3750,   7.6875,   1.1250, 21009, -1.1250, -5.6250, 5.8750 
  0.8700,  -0.2500,   9.7100, -26.6875,   1.7500,  57.3750,  -2.3750,   8.3125,   1.5000, 21026, -1.1250, -5.5000, 5.8750 
  0.8500,  -0.1600,   9.6600, -27.7500,   1.7500,  59.0000,  -2.3750,   4.5625,   0.4375, 21046, -1.1875, -5.3750, 5.8750 
  0.8200,  -0.2000,   9.6500, -27.7500,   1.7500,  59.0000,   1.2500,   9.1875,   0.7500, 21066, -1.1875, -5.1875, 5.8750 
  0.8300,  -0.2200,   9.7600, -28.0625,   1.7500,  57.7500,   0.7500,   1.1250,   1.2500, 21087, -1.1875, -5.1875, 5.8750 
  0.8200,  -0.2300,   9.8600, -28.0625,   1.7500,  57.7500,  -6.1250,   6.1250,   3.1250, 21107, -1.2500, -5.1250, 5.9375 
  0.8400,  -0.2800,   9.8700, -28.0625,   1.7500,  57.7500,  -7.0000,   7.4375,   3.6875, 21125, -1.3750, -5.0000, 6.0000 
  0.8600,  -0.3400,  10.0400, -27.7500,   1.5000,  57.7500, -14.0000,   7.5625,   6.9375, 21142, -1.6250, -4.8750, 6.0625 
  0.6800,  -0.2800,   9.6400, -27.7500,   1.5000,  57.7500, -24.3125,  13.4375,  12.5000, 21159, -1.8125, -4.7500, 6.1250 
  0.7400,  -0.4000,   9.6600, -27.7500,   1.5000,  57.7500, -15.0625,   8.8125,  10.6250, 21177, -2.1875, -4.5000, 6.3750 
  0.7400,  -0.3100,   9.6300, -27.7500,   1.5000,  57.0000, -13.1250,  -2.9375,  10.6875, 21196, -2.3750, -4.5000, 6.5000 
  0.7500,  -0.4100,   9.6700, -27.7500,   1.5000,  57.0000, -12.8750,  -4.6875,  11.6875, 21216, -2.6875, -4.6250, 6.7500 
  0.7600,  -0.4700,   9.9600, -28.8750,   0.7500,  57.0000, -13.1875,  -0.6250,  10.0000, 21233, -2.9375, -4.6250, 6.8750 
  0.7700,  -0.5600,   9.8700, -28.8750,   0.7500,  57.0000, -10.3750,   0.8125,  10.8125, 21251, -3.1875, -4.6250, 7.0625 
  0.7100,  -0.4700,   9.7400, -28.8750,   0.7500,  57.0000, -13.7500,  -2.8750,  21.1875, 21270, -3.3125, -4.6250, 7.2500 
  0.7000,  -0.4600,   9.6800, -28.0625,   0.7500,  58.1875,  -7.7500,  -3.4375,  23.5000, 21287, -3.5625, -4.6250, 7.6250 
  0.7200,  -0.5200,   9.7400, -28.0625,   0.7500,  58.1875,   2.0000,   0.5625,  28.0625, 21308, -3.6250, -4.6250, 8.1875 
  0.8500,  -0.5700,   9.7700, -28.0625,   0.7500,  58.1875,   4.9375,   2.8750,  32.5625, 21325, -3.5625, -4.5625, 8.7500 
  0.7500,  -0.6000,   9.8200, -28.0625,   0.3750,  57.7500,  -6.8750,   1.9375,  46.3750, 21342, -3.6875, -4.4375, 9.5625 
  0.7800,  -0.7300,   9.7900, -28.0625,   0.3750,  57.7500, -13.1250,   6.8125,  53.6250, 21360, -3.8750, -4.3750, 10.0625 
  0.5900,  -0.7700,   9.4200, -28.0625,   0.3750,  57.7500, -13.1250,   8.1250,  66.7500, 21378, -4.1875, -4.1250, 11.1875 
  0.5900,  -0.9000,   9.7900, -28.0625,   2.2500,  58.5000, -15.5625,   3.2500, 105.3750, 21396, -4.5625, -3.8750, 13.1250 
  0.3800,  -0.7900,   9.9400, -28.0625,   2.2500,  58.5000,  -8.5625,   6.8125, 135.2500, 21415, -4.9375, -3.5625, 15.6250 
  0.8400,  -0.6800,  10.1300, -28.5000,   2.2500,  56.1875,  -4.7500,  16.6250, 151.8125, 21433, -5.2500, -3.0625, 18.4375 
  0.2800,  -0.9300,   9.6700, -28.5000,   2.2500,  56.1875,  11.9375,  30.0000, 132.1250, 21451, -5.3125, -2.6875, 19.8125 
 -0.1000,  -1.0300,   9.5200, -28.5000,   2.2500,  56.1875,  12.0000,  28.5000, 151.5000, 21470, -5.1250, -1.8750, 22.3750 
  0.2200,  -0.8400,   9.6300, -28.0625,   7.2500,  56.1875,   9.8125,  32.1250, 181.2500, 21488, -5.0625, -1.4375, 23.8125 
  0.1900,  -0.5300,   9.6400, -28.0625,   7.2500,  56.1875,   8.7500,  19.3125, 191.0625, 21509, -4.8125, -0.0625, 29.3750 
 -0.1100,  -0.8500,  10.0000, -28.0625,   7.2500,  56.1875,  14.6250,  15.3750, 188.6875, 21526, -4.5625, 0.5000, 33.0625 
 -0.1900,  -0.8600,  10.1300, -29.1875,  12.3750,  55.8750,  18.6250,  18.9375, 191.6250, 21544, -4.1875, 1.1250, 36.8125 
 -0.0700,  -0.6100,  10.0700, -29.1875,  12.3750,  55.8750,  23.9375,  24.6250, 197.5000, 21562, -3.6250, 1.8125, 40.6250 
 -0.0000,  -0.3700,   9.8400, -29.1875,  12.3750,  55.8750,  44.2500,   5.1250, 190.1875, 21579, -3.2500, 2.1250, 42.4375 
 -0.5600,  -0.2700,   9.5500, -27.0625,  18.5000,  55.7500,  28.8125,  -8.7500, 185.8125, 21600, -2.1875, 2.3125, 46.0625 
 -0.2200,  -0.3700,   9.8000, -27.0625,  18.5000,  55.7500, -17.8125,  33.8125, 191.1250, 21619, -1.8125, 2.4375, 49.6875 
 -0.7700,  -0.7600,   9.8300, -24.6875,  24.6875,  53.5000, -33.6875,  36.8750, 192.4375, 21637, -2.1250, 3.2500, 53.4375 
 -0.5500,  -0.4100,   9.8300, -24.6875,  24.6875,  53.5000, -46.8750,   7.7500, 213.3125, 21656, -2.8125, 3.8125, 57.4375 
 -0.2000,  -0.7500,  10.1600, -24.6875,  24.6875,  53.5000, -23.0625, -19.9375, 204.7500, 21673, -3.0625, 3.7500, 61.5625 
  0.0200,  -0.7600,  10.0200, -20.7500,  28.0000,  54.6875, -12.3125, -29.5000, 166.4375, 21691, -3.1250, 3.5625, 63.3750 
 -0.1600,  -0.6400,   9.4800, -20.7500,  28.0000,  54.6875,   0.3750, -18.8750, 120.6250, 21710, -3.1250, 3.1250, 66.3750 
 -0.4300,  -0.6500,   9.6500, -20.7500,  28.0000,  54.6875,  -0.0625, -10.4375, 108.1875, 21728, -3.0000, 3.0000, 68.5625 
 -0.4300,  -0.6900,   9.9800, -16.1875,  29.8750,  55.3750,   0.3125, -32.8750,  93.1875, 21748, -2.8750, 2.5625, 70.5000 
 -0.3400,  -0.5200,   9.3300, -16.1875,  29.8750,  55.3750, -20.1250, -11.8750,  88.3750, 21768, -3.0625, 2.3125, 72.1875 
 -0.2500,  -0.5500,  10.0200, -12.6875,  30.5625,  55.8750, -28.3750,   3.9375,  84.2500, 21785, -3.5625, 2.4375, 73.8750 
 -0.1500,  -0.5800,   9.8800, -12.6875,  30.5625,  55.8750, -17.3125, -20.8125,  67.8125, 21803, -3.8750, 2.2500, 75.3125 
 -0.1300,  -0.5600,   9.6400, -12.6875,  30.5625,  55.8750,  -9.1875, -30.0625,  56.1875, 21822, -4.0000, 2.0000, 75.9375 
 -0.0300,  -0.7100,  10.0500,  -9.3750,  31.2500,  55.7500,  -6.7500, -21.3750,  54.0000, 21839, -4.1250, 1.5625, 77.0000 
  0.1500,  -0.6100,   9.5300,  -9.3750,  31.2500,  55.7500,  -8.6250, -14.3125,  42.4375, 21859, -4.2500, 1.3750, 77.8750 
  0.1700,  -0.5700,   9.4800,  -9.3750,  31.2500,  55.7500, -10.1250, -21.8750,  30.3750, 21876, -4.4375, 1.0000, 78.5625 
  0.1400,  -0.8100,   9.6900,  -7.6875,  31.6875,  56.5625,  -0.4375, -25.3750,  14.5625, 21895, -4.4375, 0.5000, 78.9375 
  0.1800,  -0.8500,   9.7400,  -7.6875,  31.6875,  56.5625,  -0.2500, -12.7500,   7.0625, 21913, -4.4375, 0.3750, 79.0625 
  0.1400,  -0.8700,   9.7400,  -7.6875,  31.6875,  56.5625,  -3.1250,  -4.2500,   0.7500, 21931, -4.5000, 0.1250, 79.1250 
  0.1400,  -0.7500,   9.7300,  -6.0000,  31.5625,  56.5625,  -2.1250,  -2.1875,  -1.5000, 21949, -4.5000, 0.0625, 79.3750 
  0.1000,  -0.8500,   9.8100,  -6.0000,  31.5625,  56.5625,   3.5625,   0.6250,  -4.4375, 21969, -4.5000, 0.0625, 79.3125 
  0.0800,  -0.8900,   9.9900,  -5.5625,  31.2500,  57.3750,   5.7500,   0.2500,  -4.0000, 21987, -4.3750, 0.0625, 79.3125 
  0.1000,  -0.8500,   9.9000,  -5.5625,  31.2500,  57.3750,   5.2500,  -3.0000,  -3.0000, 22004, -4.3125, 0.0000, 79.2500 
  0.2500,  -0.8400,   9.9100,  -5.5625,  31.2500,  57.3750,  -0.6250,  -9.0000,  -9.5625, 22023, -4.2500, 0.0000, 79.1875 
  0.2300,  -0.8600,  10.0300,  -6.2500,  31.5000,  57.0000,  -2.5625,  -9.0625, -16.5625, 22040, -4.3125, -0.1875, 79.0000 
  0.5100,  -0.9000,   9.9500,  -6.2500,  31.5000,  57.0000,  -6.1875,   3.5000, -55.3750, 22061, -4.3125, -0.3750, 78.4375 
 -0.0000,  -0.9600,  10.2000,  -6.2500,  31.5000,  57.0000,  -0.3750,   8.4375, -67.2500, 22078, -4.3750, -0.3750, 77.2500 
  0.4100,  -0.7900,   9.7400,  -6.2500,  31.1875,  57.3750,  -0.2500,  24.8750, -76.2500, 22095, -4.3750, -0.1250, 75.8125 
  0.4500,  -0.8600,   9.7300,  -6.2500,  31.1875,  57.3750,  -2.8125,  31.3125, -103.6875, 22114, -4.3750, 0.0625, 74.9375 
  0.3200,  -0.8300,   9.8700,  -6.2500,  31.1875,  57.3750,  -3.6875,  19.5000, -143.3125, 22131, -4.4375, 0.4375, 72.7500 
 -0.2800,  -0.9800,   9.8100,  -7.7500,  30.7500,  57.7500, -10.3125,  21.5000, -146.8125, 22152, -4.5625, 0.5625, 69.8750 
  0.1900,  -0.7900,   9.3700,  -7.7500,  30.7500,  57.7500, -14.1250,   5.3125, -147.6875, 22171, -4.8125, 0.7500, 67.0625 
 -0.1100,  -1.0400,  10.1200, -13.1875,  28.5625,  57.0000, -13.0000,  -3.8125, -156.6250, 22189, -5.1250, 0.5000, 64.0625 
  0.4000,  -0.9800,   9.9500, -13.1875,  28.5625,  57.0000, -13.1875, -19.5625, -172.1250, 22209, -5.4375, -0.0625, 60.8125 
  0.4200,  -0.6500,   9.2700, -13.1875,  28.5625,  57.0000, -12.8750, -24.6250, -198.4375, 22226, -5.6250, -0.8750, 57.1250 
  0.5200,  -0.9500,   9.8900, -16.5000,  25.6875,  57.3750,   2.5000, -22.6875, -204.0000, 22244, -5.4375, -1.6875, 53.1875 
  0.4200,  -1.1400,  10.0600, -16.5000,  25.6875,  57.3750, -14.6250,   2.9375, -210.5000, 22263, -5.4375, -2.0000, 51.1875 
  0.5000,  -1.1500,  10.0300, -16.5000,  25.6875,  57.3750, -19.7500,   5.6875, -208.3750, 22281, -5.6250, -2.3125, 47.1250 
  0.7000,  -1.2100,  10.4100, -18.6875,  22.7500,  58.5625, -22.0625,  17.1875, -201.7500, 22300, -5.8750, -2.3750, 43.1875 
  0.2800,  -1.0800,   9.8500, -18.6875,  22.7500,  58.5625, -17.9375,  23.1875, -219.8125, 22322, -5.7500, -2.1250, 38.9375 
  0.5100,  -0.5300,   9.8000, -23.0625,  17.3750,  56.5625,  -2.8125,  25.0000, -231.0625, 22339, -5.7500, -2.0625, 34.5625 
  0.3800,  -0.7800,   9.7300, -23.0625,  17.3750,  56.5625,  33.7500,  44.5625, -239.0000, 22359, -5.3125, -1.8750, 29.9375 
  0.0600,  -1.2300,  10.1200, -23.0625,  17.3750,  56.5625,   8.8125,  61.5000, -233.6875, 22376, -4.8750, -1.1250, 25.3750 
  0.0300,  -1.2200,   9.8300, -26.7500,  11.5625,  57.3750, -14.9375,  54.6250, -221.1875, 22393, -4.8750, -0.7500, 23.1250 
  0.1200,  -1.0300,   9.7100, -26.7500,  11.5625,  57.3750, -11.5000,  20.8125, -196.5625, 22413, -5.1250, -0.1250, 18.9375 
  0.0800,  -0.8200,   9.3200, -26.7500,  11.5625,  57.3750, -20.1875,   1.2500, -172.2500, 22431, -5.4375, -0.2500, 15.3125 
 -0.0400,  -0.5900,   9.2700, -32.5625,   6.0625,  54.6875, -27.3125, -24.6250, -141.2500, 22452, -5.9375, -0.8750, 12.5000 
  0.1200,  -0.7000,   9.3800, -32.5625,   6.0625,  54.6875,  16.3125, -23.8750, -89.2500, 22472, -5.9375, -1.7500, 10.1250 
  0.3200,  -0.9200,   9.8100, -32.6875,   0.3750,  54.6875,  17.0625, -19.3125, -70.5000, 22490, -5.5625, -2.3750, 8.6250 
  0.2200,  -0.6300,   9.8700, -32.6875,   0.3750,  54.6875,  19.9375,  -6.1250, -49.3125, 22509, -5.1875, -2.6250, 7.6250 
  0.6000,  -0.9500,   9.9500, -32.6875,   0.3750,  54.6875,  28.4375,   7.6875, -55.0625, 22526, -4.5000, -2.5625, 6.5625 
  0.4200,  -0.5700,   9.7900, -31.6875,  -1.7500,  56.1875,   4.4375,  -5.0625, -37.1875, 22544, -4.3750, -2.6250, 6.1250 
  0.5200,  -0.6600,   9.9300, -31.6875,  -1.7500,  56.1875, -11.8125,  -4.0625, -20.7500, 22563, -4.3125, -2.7500, 5.5000 
  0.3000,  -0.3100,   9.6000, -31.6875,  -1.7500,  56.1875,  -8.2500,  -7.6250, -17.0000, 22581, -4.5000, -2.9375, 5.1250 
  0.5600,  -0.7800,   9.9200, -32.5000,  -2.7500,  55.5000,  15.1250,   0.3750, -13.0000, 22598, -4.1875, -2.9375, 4.5000 
  0.5100,  -0.5500,   9.8100, -32.5000,  -2.7500,  55.5000,  13.6250,  -7.6250,  -5.1875, 22616, -3.9375, -3.0625, 4.3750 
  0.5000,  -0.5100,   9.6300, -32.5000,  -2.7500,  55.5000,  15.1250,  -9.6875,  -4.9375, 22633, -3.8125, -3.1875, 4.3125 
  0.6100,  -0.6800,   9.9500, -31.7500,  -3.5625,  55.3750,  11.5625,  -9.3750,  -2.6250, 22651, -3.5000, -3.3750, 3.9375 
  0.6300,  -0.5300,   9.8500, -31.7500,  -3.5625,  55.3750,  10.3750,  -9.5000,   3.7500, 22672, -3.3125, -3.5625, 4.0000 
  0.5500,  -0.4900,   9.9000, -31.0625,  -1.6875,  56.5625,   2.4375,  -2.3125,   7.3750, 22689, -3.3125, -3.6250, 4.1250 
  0.5600,  -0.4800,   9.8300, -31.0625,  -1.6875,  56.5625,  19.0625,  -1.0000,   4.5625, 22707, -3.0000, -3.6250, 4.2500 
  0.7000,  -0.7000,  10.1400, -31.0625,  -1.6875,  56.5625,   2.0625,   2.1250,   8.8125, 22725, -2.8125, -3.6250, 4.3125 
  0.5300,  -0.4400,   9.8500, -30.7500,  -2.0625,  56.5625,  -5.3125,   4.8750,   6.8125, 22743, -2.9375, -3.5625, 4.3750 
  0.4600,  -0.3500,   9.5800, -30.7500,  -2.0625,  56.5625,  10.3750,   2.1250,   0.4375, 22763, -2.9375, -3.4375, 4.4375 
  0.5200,  -0.4000,   9.8800, -30.7500,  -2.0625,  56.5625,  13.4375,   2.9375,   0.3750, 22780, -2.6875, -3.3750, 4.5000 
  0.4800,  -0.3600,   9.7700, -30.3750,  -1.3750,  57.3750,   0.4375,   6.3125,   0.6250, 22798, -2.6250, -3.2500, 4.3750 
  0.4300,  -0.3700,   9.6500, -30.3750,  -1.3750,  57.3750,  -2.0625,  -0.3125,  -1.8125, 22815, -2.6875, -3.2500, 4.3750 
  0.4800,  -0.4300,   9.7400, -30.3750,  -1.3750,  57.3750,   8.5000,  -7.6875,  -2.6875, 22834, -2.6250, -3.2500, 4.3750 
  0.5400,  -0.4100,   9.9100, -31.5000,  -1.3750,  57.3750,  11.1250, -10.3125,  -1.0000, 22852, -2.4375, -3.4375, 4.1875 
  0.5800,  -0.4300,   9.8700, -31.5000,  -1.3750,  57.3750,   1.2500,  -7.8125,   0.3750, 22872, -2.3750, -3.6250, 4.1875 
  0.5500,  -0.3700,   9.9700, -30.3750,  -1.0000,  57.0000,  -2.6875,  -4.4375,   4.0625, 22889, -2.4375, -3.6875, 4.1875 
  0.4400,  -0.3000,   9.7300, -30.3750,  -1.0000,  57.0000,  -2.3750,  -0.8750,   5.6875, 22906, -2.4375, -3.6875, 4.2500 
  0.5700,  -0.4600,   9.9100, -30.3750,  -1.0000,  57.0000,  -5.6250,   1.4375,   6.0625, 22926, -2.5000, -3.6875, 4.3750 
  0.5600,  -0.4500,  10.0000, -30.7500,  -0.6875,  57.3750, -13.7500,   3.7500,   8.5625, 22943, -2.6875, -3.6250, 4.4375 
  0.4700,  -0.4300,   9.9500, -30.7500,  -0.6875,  57.3750, -17.6250,  10.5625,  17.5000, 22963, -3.0000, -3.4375, 4.7500 
  0.3000,  -0.2500,   9.5100, -30.7500,  -0.6875,  57.3750, -15.5000,   8.8750,  12.7500, 22980, -3.3750, -3.2500, 5.0000 
  0.4300,  -0.5000,   9.8700, -30.0625,  -1.7500,  57.0000,   4.6875,   2.0625,   1.2500, 22998, -3.3125, -3.1250, 4.8750 
  0.2000,  -0.2300,   9.1700, -30.0625,  -1.7500,  57.0000,   9.2500,   1.6875,  -3.1875, 23016, -3.2500, -3.1250, 4.8125 
  0.3200,  -0.6800,  10.0300, -30.0625,  -1.7500,  57.0000,  22.0625,   3.8125,   5.3125, 23033, -2.9375, -3.0625, 4.8750 
  0.6400,  -0.8200,   9.7300, -30.3750,  -1.3750,  56.5625,   7.5625,  -4.1250,   1.1875, 23053, -2.7500, -3.1250, 4.8750 
  0.5900,  -0.6600,   9.7300, -30.3750,  -1.3750,  56.5625,   7.1875,  -1.0625,  -3.0625, 23073, -2.5625, -3.1875, 4.8750 
  0.5100,  -0.5000,   9.7400, -30.3750,  -1.0000,  57.3750,  15.0625,  -1.7500,  -6.2500, 23091, -2.3125, -3.1875, 4.6875 
  0.2800,  -0.2800,  10.1600, -30.3750,  -1.0000,  57.3750, -12.7500,  -4.0625,  -2.5625, 23109, -2.3750, -3.2500, 4.6250 
  0.2700,  -0.2200,   9.7600, -30.3750,  -1.0000,  57.3750, -18.6250,  -2.3750,   6.3750, 23128, -2.8125, -3.3750, 4.6875 
  0.2600,  -0.2800,   9.9900, -30.7500,  -0.2500,  58.1875,  -2.9375,  -6.3125,   8.1875, 23145, -2.8750, -3.3750, 4.7500 
  0.4600,  -0.5000,  10.0800, -30.7500,  -0.2500,  58.1875,   2.6875,  -7.1250,   9.5625, 23164, -2.9375, -3.4375, 4.8750 
  0.4500,  -0.3300,   9.9300, -30.7500,  -0.2500,  58.1875,   5.4375,  -6.3750,  12.1250, 23182, -2.8750, -3.5625, 5.1250 
  0.6400,  -0.4500,   9.6300, -31.5000,  -0.6875,  56.5625,  -6.8750,  -8.3750,   9.1875, 23199, -2.9375, -3.7500, 5.2500 
  0.7000,  -0.4300,   9.5400, -31.5000,  -0.6875,  56.5625,  -4.8750,  -5.3125,   4.8125, 23218, -3.0000, -3.8125, 5.3125 
  0.8200,  -0.5800,   9.5800, -31.5000,  -0.6875,  56.5625,  -1.0625,  -6.3125,   3.8125, 23235, -3.0625, -3.8750, 5.4375 
  0.7700,  -0.5400,   9.7000, -30.0625,   0.0000,  57.0000,  -4.8750,  -4.5625,   4.1875, 23254, -3.1250, -4.0000, 5.5000 
  0.7800,  -0.6400,   9.7000, -30.0625,   0.0000,  57.0000,  -8.0625,  -2.3750,   4.8125, 23274, -3.2500, -4.0625, 5.5625 
  0.6300,  -0.3700,   9.6200, -30.3750,   0.0000,  57.0000,   4.9375,  -1.1875,   1.5625, 23291, -3.2500, -4.0625, 5.6250 
  0.7100,  -0.5400,  10.0700, -30.3750,   0.0000,  57.0000,   4.3750,  -0.3750,   1.9375, 23310, -3.1250, -4.0625, 5.6875 
  0.7000,  -0.5900,  10.2000, -30.3750,   0.0000,  57.0000,  -1.8125,  -0.4375,   2.9375, 23328, -3.1250, -4.0625, 5.6875 
  0.7900,  -0.7600,   9.9700, -30.0625,  -0.2500,  58.1875,  -6.1250,   0.5625,   4.6250, 23346, -3.1875, -4.0625, 5.7500 
  0.7500,  -0.7100,   9.9000, -30.0625,  -0.2500,  58.1875,  -3.1250,   2.7500,   2.0000, 23365, -3.3125, -4.0625, 5.8125 
  0.7300,  -0.5700,   9.7600, -30.0625,  -0.2500,  58.1875,   7.2500,   5.3125,  -0.0625, 23383, -3.3125, -4.0000, 5.8125 
  0.6800,  -0.4000,   9.4700, -30.0625,   0.7500,  57.3750,  -0.1250,   4.3125,   1.8750, 23401, -3.2500, -3.8750, 5.8750 
  0.6300,  -0.4500,   9.7500, -30.0625,   0.7500,  57.3750,   3.8125,   7.8125,   1.4375, 23418, -3.1875, -3.7500, 5.9375 
  0.5600,  -0.5000,   9.7300, -30.0625,   0.7500,  57.3750, -10.4375,   5.1875,   0.6875, 23436, -3.1875, -3.6875, 5.9375 
  0.5100,  -0.4400,   9.8600, -30.0625,  -0.2500,  55.8750, -10.0000,   7.3125,   1.1250, 23454, -3.4375, -3.5625, 5.8750 
  0.5300,  -0.3300,   9.4800, -30.0625,  -0.2500,  55.8750, -13.1875,   5.8125,   1.8125, 23475, -3.6250, -3.4375, 5.9375 
  0.6000,  -0.4300,   9.4400, -30.3750,  -1.0000,  55.8750,   3.1875,   7.6250,  -0.3750, 23492, -3.6250, -3.3125, 5.8125 
  0.4700,  -0.4100,  10.0900, -30.3750,  -1.0000,  55.8750,   6.1875,   9.1875,  -3.8125, 23511, -3.5625, -3.1250, 5.7500 
  0.2100,  -0.1900,  10.2600, -30.3750,  -1.0000,  55.8750,  15.3125,   6.9375, -10.1250, 23528, -3.4375, -3.0625, 5.6875 
  0.4300,  -0.2700,   9.9000, -31.0625,   0.3750,  57.0000,   7.4375,   3.4375,  -5.9375, 23546, -3.1250, -2.9375, 5.5000 
  0.4700,  -0.3400,   9.6300, -31.0625,   0.3750,  57.0000,  -3.1250,   5.5625,  -3.1250, 23566, -3.0625, -2.8750, 5.4375 
  0.5400,  -0.6500,   9.8700, -31.0625,   0.3750,  57.0000,  -7.3125,   6.0000,  -1.8125, 23583, -3.1250, -2.7500, 5.3750 
  0.5300,  -0.7300,   9.6600, -31.5000,   0.0000,  55.0625, -13.4375,   6.4375,   0.7500, 23602, -3.3750, -2.6875, 5.3750 
  0.4400,  -0.7300,   9.4700, -31.5000,   0.0000,  55.0625,  -9.3125,   8.8750,   2.1250, 23619, -3.5625, -2.5000, 5.3750 
  0.3400,  -0.6000,   9.4800, -31.5000,   0.0000,  55.0625,   2.6875,  11.2500,   2.4375, 23636, -3.6250, -2.3750, 5.3750 
  0.3500,  -0.7200,   9.8300, -32.1875,  -0.6875,  56.5625,   1.1875,  10.6875,   3.0000, 23656, -3.5625, -2.1875, 5.4375 
  0.2900,  -0.6900,   9.5400, -32.1875,  -0.6875,  56.5625,   5.0625,  10.7500,   3.3750, 23675, -3.5625, -2.0000, 5.5000 
  0.4600,  -0.8900,   9.7000, -32.5625,  -1.0000,  55.8750,   6.5625,  10.9375,   0.2500, 23693, -3.4375, -1.7500, 5.4375 
  0.1400,  -0.6600,   9.8400, -32.5625,  -1.0000,  55.8750,  -3.1250,  13.0625,  -1.1875, 23711, -3.4375, -1.5625, 5.4375 
  0.0400,  -0.6700,  10.2100, -32.5625,  -1.0000,  55.8750,   3.8125,  13.6875,  -1.8750, 23730, -3.4375, -1.2500, 5.3750 
 -0.0000,  -0.5900,   9.9400, -32.1875,  -0.6875,  55.0625,  -0.5625,  10.2500,  -1.4375, 23747, -3.4375, -1.1875, 5.3125 
  0.0700,  -0.7600,   9.9200, -32.1875,  -0.6875,  55.0625,   1.9375,  12.4375,  -0.1875, 23767, -3.4375, -0.9375, 5.3125 
 -0.1200,  -0.6100,  10.1000, -32.1875,  -0.6875,  55.0625,   3.0000,  11.8750,  -0.0625, 23784, -3.3750, -0.6875, 5.3125 
 -0.1800,  -0.4200,  10.0300, -33.6875,  -0.6875,  55.5000,  10.2500,  10.5625,  -1.5625, 23801, -3.1875, -0.5000, 5.2500 
 -0.0200,  -0.4600,   9.7800, -33.6875,  -0.6875,  55.5000,   6.8125,   7.0625,  -2.1875, 23819, -3.1250, -0.3750, 5.2500 
 -0.1200,  -0.3000,   9.5700, -33.6875,  -0.6875,  55.5000,   0.8125,   6.6250,  -1.7500, 23837, -3.0000, -0.2500, 5.1875 
 -0.0600,  -0.2500,   9.3900, -33.6875,  -0.6875,  54.6875,   7.8125,   6.0625,  -0.5000, 23857, -2.9375, -0.1250, 5.1250 
 -0.0500,  -0.2900,   9.7400, -33.6875,  -0.6875,  54.6875,  -1.5625,   4.3125,   0.0625, 23877, -2.8750, 0.0000, 5.1250 
 -0.2400,  -0.1500,   9.8100, -33.6875,  -1.3750,  55.0625,   2.6250,   5.5625,  -0.8750, 23895, -2.8750, 0.0000, 4.9375 
 -0.0500,  -0.4900,  10.1500, -33.6875,  -1.3750,  55.0625,   6.6250,   2.1875,   0.7500, 23914, -2.6875, 0.0625, 4.9375 
 -0.0000,  -0.5100,  10.0600, -33.6875,  -1.3750,  55.0625,   8.8750,   3.5000,   0.4375, 23931, -2.5625, 0.1250, 4.9375 
  0.0400,  -0.5500,  10.0600, -34.3750,   0.0000,  53.8750,   2.4375,   3.7500,  -1.1875, 23949, -2.5000, 0.1875, 4.9375 
 -0.0100,  -0.5100,  10.0800, -34.3750,   0.0000,  53.8750,  -7.3750,   5.9375,  -0.1250, 23968, -2.5000, 0.2500, 4.9375 
 -0.1100,  -0.3500,   9.6200, -34.3750,   0.0000,  53.8750, -10.4375,   6.8125,  -0.5000, 23985, -2.6875, 0.3750, 4.9375 
 -0.0400,  -0.4700,   9.3300, -35.5000,  