=~=~=~=~=~=~=~=~=~=~=~= PuTTY log 2025.05.01 17:54:36 =~=~=~=~=~=~=~=~=~=~=~=
875,  -9.0000,  -0.1875,  -0.0625,  -0.5625, 418, 64746, -14.5625, 11.6250, 325.0625 
 -2.0300,  -2.7100,  10.3000, -34.1875j7.1875,  44.5000,  33.5625, -139.6875,  45.8750, 64746, -14.5625, 11.6250, 325.0625 
 -2.0300,  -2.7100,  10.3000, -34.1875j7.1875,  44.5000,  33.5625, -139.6875,  45.8750, 64746, -14.5625, 11.6250, 325.0625 
 -2.0300,  -2.7100,  10.3000, -34.1875jCalibration Levels - System: 0, Gyro: 0, Accel: 0, Mag: 0
Calibration Levels - System: 1, Gyro: 0, Accel: 0, Mag: 0
Calibration Levels - System: 0, Gyro: 0, Accel: 0, Mag: 0
Calibration Levels - System: 0, Gyro: 0, Accel: 0, Mag: 0
Calibration Levels - System: 0, Gyro: 0, Accel: 0, Mag: 1
Calibration Levels - System: 0, Gyro: 0, Accel: 0, Mag: 1
Calibration Levels - System: 0, Gyro: 0, Accel: 0, Mag: 1
Calibration Levels - System: 0, Gyro: 0, Accel: 0, Mag: 1
Calibration Levels - System: 0, Gyro: 0, Accel: 0, Mag: 1
Calibration Levels - System: 0, Gyro: 0, Accel: 0, Mag: 1
Calibration Levels - System: 0, Gyro: 0, Accel: 0, Mag: 1
Calibration Levels - System: 0, Gyro: 0, Accel: 1, Mag: 1
Calibration Levels - System: 0, Gyro: 0, Accel: 1, Mag: 1
Calibration Levels - System: 0, Gyro: 3, Accel: 1, Mag: 1
READING-----------------
 -0.1200,  -0.5000,  10.6100, -23.0625,  18.2500,  52.0625,  17.4375, -44.3125,  -1.3750, 10023, -1.7500, 0.3125, 38.1875 
 -0.0600,  -0.2700,  10.2800, -25.0000,  17.1875,  52.0625,  12.7500,  -1.8125,   8.0000, 10041, -1.6250, 0.1250, 38.1875 
 -0.1200,  -0.2000,   9.1000, -25.0000,  17.1875,  52.0625,   8.0625,  -2.3125,   8.0000, 10060, -1.3750, 0.1250, 38.3125 
 -0.2000,   0.0500,   9.0900, -25.0000,  17.1875,  52.0625,  11.3125, -26.4375,  -3.5000, 10080, -1.2500, 0.0000, 38.5000 
 -0.0800,   0.6300,   8.8100, -24.1875,  17.8750,  52.0625,   9.1250, -38.1875, -14.1250, 10097, -1.0000, -0.5625, 38.3125 
  0.6700,  -0.1100,   9.8200, -24.1875,  17.8750,  52.0625, -42.5625, -103.1250,  -8.3125, 10118, -1.4375, -2.1875, 38.0625 
  0.4900,  -0.8000,   9.4500, -24.1875,  17.8750,  52.0625,  31.0625, -17.8750, -19.8125, 10135, -1.1875, -3.0000, 37.6875 
  0.8800,  -0.7200,   9.8400, -23.0625,  18.2500,  52.8750, -13.3750,  -6.0000,  -6.3750, 10152, -1.3125, -3.1250, 37.5000 
  0.6400,  -0.3200,   9.9400, -23.0625,  18.2500,  52.8750,  10.5625,  12.4375,   8.8750, 10171, -1.2500, -3.0625, 37.5625 
  0.6500,  -0.2500,  10.3100, -23.0625,  18.2500,  52.8750,   9.6250,  14.8750,  12.0000, 10188, -1.0625, -2.8125, 37.7500 
  0.3900,  -0.4200,  10.0500, -20.1875,  17.8750,  54.8750, -13.4375,  17.4375,  11.5625, 10209, -1.0625, -2.3125, 38.0625 
  0.1700,  -0.3300,   9.7400, -20.1875,  17.8750,  54.8750,   3.5000,   4.9375,   8.7500, 10229, -1.2500, -2.0625, 38.2500 
  0.0400,  -0.3100,   9.9300, -21.2500,  17.8750,  53.6875,  -2.9375,   8.4375,  12.0000, 10247, -1.2500, -1.9375, 38.4375 
  0.2900,  -0.4300,   8.6200, -21.2500,  17.8750,  53.6875,  -7.9375,  23.2500,   6.3125, 10266, -1.4375, -1.5625, 38.6250 
  0.2200,  -0.3400,   9.7800, -21.2500,  17.8750,  53.6875, -23.3750,  27.1875,  -1.0000, 10284, -1.8125, -0.9375, 38.5625 
 -0.0700,  -0.2800,   8.7400, -22.0000,  17.8750,  52.8750,   3.1250,  12.6250,  -5.3125, 10301, -2.0000, -0.6875, 38.5000 
 -0.0700,   0.0000,   9.5700, -22.0000,  17.8750,  52.8750,  49.7500, -13.8750,  -6.4375, 10320, -1.7500, -0.6250, 38.4375 
  0.1300,   0.1100,   9.6800, -22.0000,  17.8750,  52.8750,  53.4375,  -2.5000,  -6.7500, 10338, -0.7500, -0.8125, 38.3125 
 -0.0500,   0.1300,  10.2200, -23.0625,  16.5000,  51.7500,  25.2500,  54.8750,   5.0000, 10357, -0.0625, 0.0000, 38.3750 
  0.3200,  -0.6600,   9.1700, -23.0625,  16.5000,  51.7500, -19.0625,   3.3750,   9.3125, 10377, -0.3750, 0.2500, 38.5000 
  0.1400,  -0.1600,   9.3200, -23.7500,  19.0000,  51.7500,  24.8750,   9.6250,   8.1875, 10394, -0.0625, 0.3750, 38.6875 
 -0.0200,  -0.1700,   9.8100, -23.7500,  19.0000,  51.7500,   5.2500,  15.8750,   7.4375, 10412, 0.0625, 0.5000, 38.7500 
 -0.4200,   0.6800,  10.2400, -23.7500,  19.0000,  51.7500, -12.3750,  10.9375,  -8.8125, 10431, 0.0625, 0.8125, 38.8750 
 -0.5100,   0.0700,   9.5300, -24.5625,  19.3750,  51.7500, -19.1250,  11.3125, -10.8125, 10448, -0.1250, 1.0000, 38.6875 
 -0.3700,   0.1000,   9.7500, -24.5625,  19.3750,  51.7500,  35.2500,   2.5000, -10.6250, 10469, 0.1875, 1.1250, 38.4375 
 -0.1900,  -0.3400,   9.4800, -24.5625,  19.3750,  51.7500,  22.8125,  -4.1875, -11.6875, 10486, 0.7500, 1.0000, 38.2500 
 -0.2500,   0.1400,   9.6300, -24.5625,  19.6875,  50.5625,  13.8125,  -3.0000,  -8.2500, 10504, 1.0625, 1.0000, 38.1250 
 -0.3000,   0.2300,   9.4500, -24.5625,  19.6875,  50.5625,   0.3750,   4.8750,  -9.9375, 10522, 1.0625, 1.0000, 38.0625 
 -0.3700,   0.4300,   9.4700, -24.5625,  19.6875,  50.5625,   2.6250,   8.1250,  -9.7500, 10540, 1.0625, 1.1250, 37.8750 
 -0.3200,   0.2800,   9.5000, -25.2500,  20.3750,  51.7500,  -8.1250, -11.0625,  -9.3750, 10559, 0.9375, 1.0000, 37.6875 
 -0.2900,   0.3200,   9.2200, -25.2500,  20.3750,  51.7500,   3.8750, -21.7500,  -7.1875, 10579, 1.0000, 0.6250, 37.5000 
 -0.1000,   0.1400,   9.7800, -25.2500,  20.0625,  49.7500,  14.1250, -13.5625,  -3.3750, 10597, 1.1875, 0.3125, 37.4375 
 -0.0300,   0.3400,   9.5700, -25.2500,  20.0625,  49.7500,   6.2500,  -9.3125,  -6.7500, 10615, 1.3750, 0.0625, 37.3125 
 -0.0200,   0.3500,   9.5400, -25.2500,  20.0625,  49.7500,   5.5000, -10.0000,  -6.4375, 10634, 1.4375, 0.0000, 37.2500 
 -0.0000,   0.4200,   9.6400, -24.1875,  19.6875,  50.8750,   6.8125, -10.3750,  -3.6250, 10651, 1.5625, -0.1250, 37.1250 
 -0.0000,   0.3700,   9.5300, -24.1875,  19.6875,  50.8750,   2.4375,  -7.0000,  -3.3750, 10671, 1.6875, -0.3125, 37.0625 
 -0.0100,   0.3700,   9.8600, -24.1875,  19.6875,  50.8750,  -2.3750,  -0.4375,  -0.1875, 10688, 1.6875, -0.3750, 37.0625 
 -0.0000,   0.2700,   9.4600, -25.0000,  19.6875,  52.5000,  -0.0000,   2.9375,   2.9375, 10705, 1.6875, -0.3125, 37.0625 
  0.0500,   0.4100,   9.4700, -25.0000,  19.6875,  52.5000,   1.2500,  -4.9375,   1.0000, 10723, 1.6875, -0.3125, 37.0625 
  0.0800,   0.3500,   9.5000, -25.0000,  19.6875,  52.5000,  -0.3125,  -6.6875,  -0.1250, 10741, 1.7500, -0.4375, 37.0625 
  0.0700,   0.2800,   9.4400, -23.7500,  19.6875,  51.7500,   5.1875,  -3.5625,  -0.8750, 10759, 1.7500, -0.5625, 37.0625 
  0.0600,   0.2900,   9.6000, -23.7500,  19.6875,  51.7500,   5.3125,  -1.1875,   0.5000, 10778, 1.9375, -0.5625, 37.0625 
  0.0600,   0.2300,   9.5300, -23.0625,  20.0625,  51.2500,  -2.5625,  -0.4375,   0.8125, 10796, 1.8750, -0.5625, 37.1250 
  0.0600,   0.3300,   9.4700, -23.0625,  20.0625,  51.2500,  -2.3125,  -1.9375,   0.3125, 10814, 1.8750, -0.6250, 37.1250 
  0.0700,   0.2800,   9.4800, -23.0625,  20.0625,  51.2500,   2.5000,   0.2500,   1.1250, 10832, 1.8125, -0.6250, 37.1250 
 -0.0000,   0.2900,   9.7300, -25.0000,  20.0625,  50.8750,   2.3125,   1.9375,   0.8125, 10850, 1.8750, -0.6250, 37.0625 
  0.1000,   0.3200,   9.7100, -25.0000,  20.0625,  50.8750,   6.7500,   4.1875,   1.2500, 10870, 1.9375, -0.5625, 37.1250 
  0.1200,   0.3900,   9.5800, -25.0000,  20.0625,  50.8750,  10.3125,   6.6250,   2.0000, 10888, 2.1250, -0.4375, 37.1250 
 -0.0000,   0.4000,   9.7000, -24.1875,  20.7500,  51.7500,   5.8750,   6.8750,   2.5000, 10905, 2.2500, -0.3750, 37.1875 
 -0.0200,   0.4600,   9.7600, -24.1875,  20.7500,  51.7500,   3.8125,   4.9375,   0.3750, 10924, 2.3125, -0.2500, 37.2500 
 -0.0800,   0.4100,   9.6900, -24.1875,  20.7500,  51.7500,  -0.0000,   3.6875,   0.6250, 10941, 2.3750, -0.1875, 37.2500 
 -0.0900,   0.5100,   9.5400, -24.1875,  20.3750,  51.3750,  -1.6250,  -1.0625,  -0.6250, 10958, 2.3750, -0.1250, 37.2500 
 -0.0700,   0.3800,   9.5700, -24.1875,  20.3750,  51.3750,  -2.0000,  -2.2500,  -1.3750, 10976, 2.3125, -0.1875, 37.1875 
 -0.0500,   0.4200,   9.5900, -23.5000,  20.7500,  52.0625,   6.0000,  -4.3750,  -2.1250, 10994, 2.3125, -0.2500, 37.1875 
 -0.0200,   0.3400,   9.7600, -23.5000,  20.7500,  52.0625,  -0.6250,   1.0000,  -0.1875, 11014, 2.4375, -0.3125, 37.1875 
  0.0300,   0.3600,   9.7600, -23.5000,  20.7500,  52.0625,   3.6250,   3.7500,   2.0000, 11033, 2.4375, -0.2500, 37.1875 
  0.1200,   0.3900,   9.4700, -24.1875,  20.0625,  50.8750,   3.4375,   4.1250,   1.6875, 11051, 2.5000, -0.1875, 37.1875 
  0.1400,   0.4500,   9.6300, -24.1875,  20.0625,  50.8750,   2.4375,  -0.7500,   0.3750, 11070, 2.5625, -0.1875, 37.1875 
  0.1200,   0.3700,   9.9700, -24.1875,  20.0625,  50.8750,   5.2500,  -1.8750,  -0.4375, 11087, 2.6875, -0.1875, 37.1875 
  0.0800,   0.4000,   9.8100, -23.7500,  21.1875,  50.8750,   4.5000,  -1.3750,  -1.0625, 11105, 2.6875, -0.1875, 37.1875 
  0.0300,   0.4500,   9.5700, -23.7500,  21.1875,  50.8750,  -0.9375,  -5.3125,   0.1875, 11123, 2.7500, -0.2500, 37.1875 
  0.0200,   0.5500,   9.0900, -23.7500,  21.1875,  50.8750,  -3.0625,  -8.7500,  -0.5000, 11141, 2.7500, -0.3750, 37.1875 
  0.0800,   0.5500,   9.3300, -23.5000,  21.1875,  51.7500,   3.1875, -12.7500,  -1.8750, 11160, 2.7500, -0.6250, 37.1875 
  0.0800,   0.5700,   9.5500, -23.5000,  21.1875,  51.7500,   4.2500,  -6.2500,  -0.8125, 11180, 2.8750, -0.8125, 37.1875 
  0.0200,   0.5500,   9.6400, -23.5000,  21.1875,  51.2500,   4.7500,   1.7500,   1.3125, 11197, 2.9375, -0.8125, 37.1875 
  0.0400,   0.6400,   9.6400, -23.5000,  21.1875,  51.2500,   2.3750,   5.9375,   3.8125, 11215, 3.0000, -0.7500, 37.1875 
  0.0800,   0.6100,   9.6400, -23.5000,  21.1875,  51.2500,  -2.1875,   7.1875,   5.9375, 11234, 3.0000, -0.6250, 37.3125 
  0.0400,   0.6100,   9.5600, -23.5000,  21.8750,  50.5625,  -2.8125,   5.8750,   6.2500, 11251, 2.9375, -0.5000, 37.4375 
 -0.0100,   0.5700,   9.6900, -23.5000,  21.8750,  50.5625,  -3.7500,   2.6250,   9.0625, 11272, 2.8750, -0.4375, 37.6250 
 -0.0700,   0.4200,   9.5600, -23.5000,  21.8750,  50.5625,  -2.3125,   5.1875,  12.0625, 11289, 2.8125, -0.3750, 37.8750 
 -0.0600,   0.5400,   9.4800, -23.5000,  20.7500,  50.1875,   5.1875,   2.9375,  13.5625, 11307, 2.8750, -0.3125, 38.1250 
 -0.1000,   0.5600,   9.3600, -23.5000,  20.7500,  50.1875,   8.1250,   3.8750,  17.6250, 11325, 3.0000, -0.3125, 38.2500 
 -0.0400,   0.6300,   9.3800, -23.5000,  20.7500,  50.1875,   6.5000,   3.5625,  20.6250, 11342, 3.1250, -0.2500, 38.6250 
 -0.0600,   0.6100,   9.5000, -24.1875,  22.1875,  50.5625, -23.2500,  11.5000,  30.7500, 11360, 2.8750, -0.0625, 39.1875 
 -0.1300,   0.3600,   9.6500, -24.1875,  22.1875,  50.5625, -28.4375,  17.3750,  43.5000, 11378, 2.2500, 0.1250, 39.9375 
 -0.1600,   0.7400,   9.8900, -23.7500,  23.0000,  50.8750, -42.1250, -19.2500,  99.2500, 11396, 2.0000, 0.1875, 40.5000 
 -0.5600,   1.2400,  10.0300, -23.7500,  23.0000,  50.8750, -27.8750,  -6.7500,  68.4375, 11414, 1.1875, -0.1250, 42.3750 
  0.0100,   0.2300,   9.7700, -23.7500,  23.0000,  50.8750, -28.0625, -13.8125, 116.5000, 11435, 0.6875, -0.3750, 44.0000 
  0.2000,   0.2500,   9.4900, -23.0625,  21.8750,  50.8750, -23.1875,  -4.3125,  99.9375, 11452, 0.1875, -0.5625, 46.1250 
  0.2200,   0.6500,   9.7900, -23.0625,  21.8750,  50.8750, -17.5625, -22.4375, 145.0625, 11471, -0.0625, -0.9375, 48.7500 
  0.2600,  -0.4300,  10.0100, -23.0625,  21.8750,  50.8750,  -4.7500,   1.1875, 145.1875, 11489, -0.2500, -0.9375, 51.3750 
  0.2600,  -0.0900,   9.9200, -21.6875,  24.3750,  51.3750, -15.6875,  16.1250, 189.6875, 11506, -0.3750, -0.8750, 53.1250 
 -0.0600,  -0.3900,   9.9500, -21.6875,  24.3750,  51.3750,  -7.4375,  29.5625, 187.1875, 11526, -0.6875, -0.4375, 56.7500 
 -0.0000,  -0.0900,   9.9300, -21.6875,  24.3750,  51.3750,  -6.6875,  34.8750, 173.5000, 11543, -0.8125, 0.1875, 60.2500 
 -0.0700,  -0.4500,   9.9300, -18.3750,  27.5000,  51.7500,  -7.9375,  33.7500, 161.0000, 11561, -0.9375, 0.9375, 63.5000 
 -0.4200,  -0.3100,  10.0700, -18.3750,  27.5000,  51.7500,   3.5625,  30.4375, 164.9375, 11581, -0.8750, 1.5000, 66.6250 
 -0.2100,  -0.0700,  10.1500, -17.3750,  29.5000,  51.7500,  32.6875,  25.0000, 170.5625, 11598, -0.3125, 2.0625, 69.9375 
 -0.1600,  -0.1800,  10.1500, -17.3750,  29.5000,  51.7500,  61.5000,   6.1875, 167.4375, 11616, 0.2500, 2.2500, 71.5625 
 -0.3200,  -0.0500,   9.9900, -17.3750,  29.5000,  51.7500,  52.9375,   2.6250, 163.3125, 11635, 1.5000, 2.3125, 74.6875 
 -0.1800,   0.2600,   9.7900, -16.0000,  34.5000,  50.0625,  46.8750,   2.1875, 162.3750, 11653, 2.6250, 2.2500, 77.8125 
 -0.3300,   0.2400,   9.5500, -16.0000,  34.5000,  50.0625,  16.8750,  14.6875, 151.6875, 11673, 3.2500, 2.3125, 80.8125 
 -0.3000,   0.6300,   9.6700, -16.0000,  34.5000,  50.0625,   5.6250,   7.1250, 164.0625, 11691, 3.5000, 2.3125, 83.9375 
 -0.4200,   0.3900,  10.1000, -12.5000,  38.7500,  49.6875,  -2.3125,  -5.5625, 178.3750, 11708, 3.6250, 2.1250, 87.3125 
 -0.0000,   0.5000,   9.8900, -12.5000,  38.7500,  49.6875,   4.8750, -17.1875, 163.8125, 11726, 3.6875, 1.8125, 89.0000 
  0.2000,   0.5400,  10.0000, -12.5000,  38.7500,  49.6875,   3.5000, -16.9375, 147.3750, 11744, 3.8750, 1.3125, 92.0000 
 -0.0900,   0.4600,  10.2100,  -7.8750,  39.7500,  49.5625, -12.1875,  -8.5625, 105.8750, 11764, 3.9375, 0.8125, 94.3750 
  0.0100,   0.3600,  10.0600,  -7.8750,  39.7500,  49.5625,  -7.1875, -13.3750,  75.9375, 11785, 3.6875, 0.5625, 96.3125 
  0.1600,   0.4700,   9.9500,  -2.5625,  41.6875,  49.5625,  -8.6875, -21.0000,  65.0625, 11802, 3.5625, 0.1250, 97.6250 
 -0.0100,   0.2000,   9.9500,  -2.5625,  41.6875,  49.5625, -19.0000, -14.5000,  50.2500, 11820, 3.2500, -0.2500, 98.6875 
  0.7400,   0.5700,  10.1700,  -2.5625,  41.6875,  49.5625, -24.0625,  -9.3125,  39.3750, 11838, 3.0000, -0.3750, 99.0625 
  0.3800,   0.2800,  10.0700,  -0.0000,  40.8750,  50.6875, -16.2500,   1.4375,  18.3750, 11855, 2.6250, -0.5000, 99.6875 
  0.3000,   0.0600,   9.4900,  -0.0000,  40.8750,  50.6875, -10.2500,  13.5625,  18.0000, 11875, 2.2500, -0.4375, 100.0625 
 -0.5200,  -0.5800,   9.7700,  -0.0000,  40.8750,  50.6875,  -7.1250,  14.3125,  11.8750, 11892, 2.1250, -0.1875, 100.3750 
  0.1300,  -0.0800,   9.6500,   1.5625,  39.8750,  51.5000, -17.9375,   1.2500,  -2.0625, 11912, 1.8750, -0.0625, 100.4375 
  0.3900,   0.0500,  10.0000,   1.5625,  39.8750,  51.5000, -10.5000,  -4.7500,  -7.9375, 11931, 1.6875, -0.1875, 100.2500 
  0.6000,  -0.0900,   9.6600,   0.7500,  38.8750,  51.0625,  -9.2500,  12.4375, -27.0000, 11949, 1.5000, 0.0000, 99.8125 
  0.1800,  -0.0200,   9.9100,   0.7500,  38.8750,  51.0625, -24.0000,  28.9375, -57.3750, 11967, 1.3125, 0.0625, 99.4375 
  0.1400,  -0.0900,  10.1300,   0.7500,  38.8750,  51.0625, -30.6875,  37.6875, -78.5000, 11986, 0.8125, 0.6875, 98.2500 
  0.4300,  -0.3100,   9.7300,  -0.7500,  39.5000,  50.5625, -37.4375,  39.0000, -95.5000, 12004, 0.1250, 1.4375, 96.5625 
 -0.2400,  -0.4100,  10.1700,  -0.7500,  39.5000,  50.5625, -42.7500,  33.1250, -145.2500, 12024, -0.7500, 2.1250, 93.9375 
 -0.2800,  -0.6800,  10.0000,  -0.7500,  39.5000,  50.5625, -39.6875,  23.0625, -169.9375, 12042, -1.6250, 2.5000, 90.8125 
 -0.4500,  -0.6100,  10.3000,  -4.5000,  36.2500,  51.7500, -25.6250,   4.2500, -188.4375, 12060, -2.4375, 2.6250, 87.2500 
 -0.2800,  -0.7600,  10.1400,  -4.5000,  36.2500,  51.7500, -14.2500, -13.1250, -207.8750, 12079, -2.6875, 2.4375, 85.3125 
  0.0300,  -0.8500,  10.1800,  -4.5000,  36.2500,  51.7500, -20.5000,  -6.0000, -233.5000, 12096, -3.1250, 2.0000, 81.2500 
 -0.4900,  -0.8300,  10.3400, -10.2500,  32.3750,  52.8750, -19.5625, -11.1875, -231.0000, 12115, -3.7500, 1.5625, 76.6875 
 -0.2500,  -0.9200,  10.0400, -10.2500,  32.3750,  52.8750, -19.7500,  -8.5000, -216.3750, 12136, -4.2500, 1.0625, 72.2500 
 -0.1000,  -0.7600,   9.5800, -13.8750,  27.2500,  54.1875, -18.4375, -10.0625, -210.2500, 12153, -4.6250, 0.5000, 68.1250 
  0.0900,  -0.8700,   9.7600, -13.8750,  27.2500,  54.1875,  -1.0000, -12.3750, -197.5625, 12173, -4.8125, 0.0000, 64.2500 
 -0.0000,  -0.9200,   9.8400, -13.8750,  27.2500,  54.1875,  12.1875,  -1.6875, -196.3750, 12190, -4.6250, -0.3750, 60.5000 
 -0.1700,  -0.4600,   9.9100, -16.8750,  23.5625,  54.5625, -11.6875, -11.7500, -194.5625, 12208, -4.5000, -0.5625, 58.5625 
 -0.0000,  -0.5300,  10.4800, -16.8750,  23.5625,  54.5625,  28.6875,   8.3750, -199.2500, 12227, -4.6250, -1.0625, 54.8125 
  0.0500,  -0.6500,  10.5400, -16.8750,  23.5625,  54.5625,  23.8125,  14.6250, -216.7500, 12244, -4.0000, -1.1250, 50.8125 
  0.0400,  -0.8400,   9.7800, -19.5000,  19.8750,  54.1875, -24.8125,  23.5000, -262.1875, 12266, -4.1875, -1.0625, 45.9375 
  0.1800,  -0.7500,   9.5800, -19.5000,  19.8750,  54.1875,  15.1250,   4.3750, -253.5000, 12286, -4.4375, -1.0000, 40.8750 
  0.3700,  -0.5900,  10.2600, -22.7500,  13.0625,  52.5625,  25.8750, -10.0625, -249.6250, 12304, -3.9375, -1.4375, 36.0000 
  0.2500,  -0.6900,  10.3400, -22.7500,  13.0625,  52.5625,  21.6250,   1.0625, -243.5625, 12323, -3.3125, -1.7500, 31.2500 
  0.2800,  -0.6500,  10.1000, -22.7500,  13.0625,  52.5625,   8.7500,  35.3125, -269.3750, 12341, -2.9375, -1.5625, 26.1875 
  0.1900,  -0.2100,   9.3300, -25.5625,   8.5000,  53.0000,   2.7500,  40.3125, -284.3750, 12358, -2.8125, -1.3125, 23.5000 
  0.1300,  -0.0100,   9.1800, -25.5625,   8.5000,  53.0000,   6.0625,  -5.0000, -247.3125, 12378, -2.6875, -1.0000, 18.0625 
  0.0100,   0.1000,  10.2300, -25.5625,   8.5000,  53.0000,   7.6250, -25.9375, -209.5625, 12395, -2.4375, -1.5000, 13.6250 
 -0.0000,  -0.0900,  10.6000, -27.2500,   1.0625,  52.1875,   0.6250, -22.9375, -157.9375, 12417, -2.3125, -2.1250, 10.3750 
  0.0700,  -0.3500,   9.9800, -27.2500,   1.0625,  52.1875,  13.6250,  43.6875, -116.8125, 12437, -2.3125, -2.0000, 7.8750 
  0.0100,  -0.1400,  10.2600, -25.2500,  -3.8750,  52.5000,  24.6250,  43.0625, -112.6875, 12454, -2.1250, -1.6250, 6.6875 
 -0.2600,   0.1400,   9.7400, -25.2500,  -3.8750,  52.5000,   0.3750,  12.6250, -85.8125, 12474, -1.6875, -0.8750, 3.8125 
 -0.0500,  -0.1500,   9.6800, -25.2500,  -3.8750,  52.5000,   1.9375,  -4.1250, -47.0625, 12491, -1.6875, -0.9375, 2.7500 
  0.0300,  -0.2800,   9.9200, -26.6875,  -6.3750,  51.3750,  27.6875,  -8.3125, -27.3125, 12509, -1.4375, -0.9375, 2.3750 
  0.2700,  -0.4400,  10.2600, -26.6875,  -6.3750,  51.3750,   5.3125, -17.6250, -20.8750, 12528, -1.0625, -1.2500, 1.9375 
  0.1700,  -0.2000,  10.0000, -26.6875,  -6.3750,  51.3750,   4.8125,  -1.1875, -25.4375, 12546, -0.9375, -1.4375, 1.5000 
  0.1000,  -0.0600,   9.8800, -26.0625,  -7.3750,  51.6875,  -6.6250,   5.0000, -25.7500, 12566, -1.0625, -1.3750, 0.9375 
  0.1000,  -0.0500,   9.7500, -26.0625,  -7.3750,  51.6875,  -9.0625,  -1.0625, -25.0625, 12587, -1.1875, -1.3750, 0.5000 
  0.0800,  -0.1300,   9.9600, -25.7500,  -8.1875,  51.5625, -13.6875,  -1.5000, -27.1250, 12604, -1.4375, -1.4375, 359.9375 
  0.0800,  -0.2400,  10.0900, -25.7500,  -8.1875,  51.5625,  -9.8750,  -1.6250, -17.6250, 12621, -1.6250, -1.5000, 359.5625 
 -0.0100,  -0.1900,  10.0600, -25.7500,  -8.1875,  51.5625,  -2.1875,   3.2500,   0.3750, 12640, -1.6875, -1.4375, 359.4375 
 -0.1500,  -0.0400,  10.1300, -25.5000,  -9.7500,  52.3750,   0.1250,   5.3750,  23.9375, 12657, -1.6875, -1.3750, 359.5625 
 -0.1600,  -0.2000,   9.8300, -25.5000,  -9.7500,  52.3750,  -6.6875,  11.9375,  52.4375, 12678, -1.6875, -1.1250, 0.1875 
 -0.1000,  -0.1600,   9.9800, -25.5000,  -9.7500,  52.3750, -10.1250,   9.3125,  64.8125, 12695, -1.8750, -0.8750, 1.3125 
 -0.3300,  -0.1700,  10.0900, -25.5625, -10.1875,  51.2500,  -9.1875,   4.1250, 101.2500, 12712, -2.0625, -0.6875, 3.0625 
 -0.4600,   0.2000,   9.9600, -25.5625, -10.1875,  51.2500,  -4.3750,   3.8750, 171.1875, 12730, -2.1250, -0.6250, 4.3125 
 -0.4000,   0.0300,  10.0900, -25.5625, -10.1875,  51.2500,  -7.3125,  12.8125, 268.3125, 12747, -2.2500, -0.3750, 8.1250 
 -0.0600,  -0.5800,   9.9300, -27.0625,  -8.7500,  50.8750, -16.4375,  14.4375, 329.0000, 12768, -2.4375, 0.1250, 13.6250 
 -0.0300,  -0.9200,   9.8500, -27.0625,  -8.7500,  50.8750, -39.4375,  13.0000, 334.5625, 12788, -2.8750, 0.6875, 20.0625 
 -0.1200,  -1.0700,   9.7400, -28.5000,  -2.5625,  50.8750, -38.6875,   4.6250, 334.0625, 12806, -3.5000, 1.1875, 26.5625 
 -0.2800,  -1.3100,   9.7500, -28.5000,  -2.5625,  50.8750, -35.1250,   0.1250, 330.6250, 12825, -4.0625, 1.6250, 32.9375 
 -0.2600,  -0.4100,   9.9500, -28.5000,  -2.5625,  50.8750, -12.1875,  -6.5000, 322.2500, 12843, -4.1875, 2.0000, 39.2500 
 -0.3500,  -0.3200,   9.7600, -28.5000,   3.8750,  50.8750,  -0.2500,  -5.8750, 301.3750, 12860, -4.1250, 2.1875, 42.1875 
 -0.5400,  -0.3300,   9.7900, -28.5000,   3.8750,  50.8750,  18.5000,   1.8750, 264.3125, 12879, -3.8750, 2.5000, 47.9375 
 -0.5000,  -0.5700,   9.9600, -28.5000,   3.8750,  50.8750,  33.8125,   5.8125, 249.5000, 12897, -3.1250, 2.8750, 52.8750 
 -0.5600,  -0.2800,  10.7100, -26.6875,  12.5625,  50.8750,  40.4375,   1.8125, 240.7500, 12917, -2.1250, 3.1875, 57.5000 
 -0.5200,  -0.4000,  10.3400, -26.6875,  12.5625,  50.8750,  36.3125,   1.0000, 221.9375, 12938, -1.1250, 3.3125, 61.8750 
 -0.2600,   0.0900,  10.0800, -24.6875,  19.7500,  51.2500,  28.8750,  11.3750, 216.0625, 12955, -0.3125, 3.5625, 66.0625 
 -0.5900,   0.0200,   9.6200, -24.6875,  19.7500,  51.2500,  34.3125,  10.8125, 207.3125, 12974, 0.5000, 3.7500, 70.0625 
 -0.5400,   0.1400,   9.7700, -24.6875,  19.7500,  51.2500,  23.5000,   6.1875, 207.7500, 12991, 0.9375, 3.8125, 72.1250 
 -0.7900,  -0.1400,   9.9400, -20.3750,  26.6875,  49.6875,  19.7500, -17.1250, 182.0000, 13009, 1.6250, 3.7500, 76.0000 
 -0.6300,   0.3400,  10.4400, -20.3750,  26.6875,  49.6875,  20.5000, -46.0000, 164.1250, 13029, 2.2500, 3.1875, 79.3750 
 -0.3700,   0.2600,  10.3700, -20.3750,  26.6875,  49.6875,  18.5625, -43.0000, 159.6875, 13046, 2.7500, 2.1875, 82.5000 
 -0.0100,   0.2700,  10.1100, -15.5000,  32.0000,  49.2500,   4.7500, -20.2500, 145.2500, 13066, 3.0000, 1.5000, 85.3750 
  0.2100,   0.4600,   9.4900, -15.5000,  32.0000,  49.2500,   1.5000, -13.3125, 122.8750, 13084, 3.1250, 1.1250, 87.8750 
  0.2800,   0.3400,  10.0800, -10.5000,  34.0000,  50.0625,  -0.9375, -27.8125,  89.3750, 13102, 3.1875, 0.8750, 88.8750 
  0.2100,   0.2500,  10.1400, -10.5000,  34.0000,  50.0625,  -1.8125, -18.9375,  52.4375, 13120, 3.1250, 0.2500, 90.4375 
 -0.0000,   0.2400,  10.1300, -10.5000,  34.0000,  50.0625, -12.1250,  -9.0000,  45.2500, 13139, 3.0625, -0.0625, 91.3750 
  0.2000,   0.2500,   9.8700,  -7.0000,  35.5000,  50.8750, -15.6250,  -8.8750,  43.3750, 13157, 2.8125, -0.2500, 92.1875 
  0.1600,   0.0800,   9.7600,  -7.0000,  35.5000,  50.8750, -19.9375,  -3.8750,  38.1875, 13177, 2.4375, -0.4375, 93.0000 
  0.3000,   0.0300,   9.9500,  -7.0000,  35.5000,  50.8750, -15.7500,   9.3750,  29.1250, 13195, 2.0625, -0.3125, 93.6250 
  0.2200,   0.0900,   9.7500,  -5.2500,  35.0625,  50.8750,  -7.8125,   7.3125,  15.8750, 13212, 1.8750, -0.1875, 94.0000 
  0.2400,   0.0200,   9.9600,  -5.2500,  35.0625,  50.8750,  -1.0625,  -7.0000,   5.7500, 13231, 1.8125, -0.2500, 94.0625 
  0.2300,   0.1000,   9.9300,  -5.2500,  35.0625,  50.8750,  -4.0000,  -3.1250,   4.5625, 13248, 1.7500, -0.3750, 94.1875 
  0.3400,   0.0900,   9.6900,  -5.0625,  35.0000,  51.2500,  -8.4375,   4.1875,  -0.1250, 13266, 1.5625, -0.3125, 94.1875 
  0.1900,  -0.0900,  10.0700,  -5.0625,  35.0000,  51.2500, -14.6875,   5.3750,  -9.3750, 13285, 1.2500, -0.2500, 94.0625 
  0.4100,  -0.0700,  10.1200,  -5.0625,  35.2500,  50.8750, -14.6875,   0.5625, -20.0000, 13302, 1.1250, -0.2500, 93.9375 
  0.4200,  -0.0500,   9.9500,  -5.0625,  35.2500,  50.8750, -14.6250,   5.7500, -37.5000, 13321, 0.8125, -0.1875, 93.4375 
  0.3300,  -0.0800,   9.7900,  -5.0625,  35.2500,  50.8750, -25.8750,  17.2500, -67.0625, 13341, 0.5000, 0.0000, 92.6250 
  0.3300,  -0.2400,  10.0600,  -5.5000,  34.0625,  52.0625, -25.0625,  16.0000, -80.3125, 13358, 0.0000, 0.1875, 91.1875 
  0.0400,  -0.3100,  10.2400,  -5.5000,  34.0625,  52.0625, -40.6250,   8.8125, -121.8750, 13378, -0.6250, 0.3750, 89.0625 
  0.0500,  -0.6200,  10.0600,  -5.5000,  34.0625,  52.0625, -57.5625,   9.5000, -158.0625, 13395, -1.7500, 0.5000, 86.1875 
 -0.0100,  -0.7800,  10.1800,  -8.0625,  32.6875,  51.6875, -63.5625,  14.5000, -191.5625, 13413, -3.0000, 0.6250, 82.6250 
 -0.0400,  -0.7400,  10.1200,  -8.0625,  32.6875,  51.6875, -32.6250,   1.5625, -213.3125, 13432, -3.4375, 0.6250, 80.6250 
  0.1800,  -0.9000,   9.9500,  -8.0625,  32.6875,  51.6875, -33.6875,  -5.9375, -217.5000, 13450, -4.1250, 0.3125, 76.5000 
  0.2100,  -0.8400,   9.8800, -13.0625,  26.8750,  52.7500, -51.3750, -13.4375, -222.3125, 13470, -5.0000, -0.2500, 72.1875 
  0.0200,  -1.3100,  10.7800, -13.0625,  26.8750,  52.7500,  -7.5000,  22.5000, -228.2500, 13491, -5.7500, -0.6250, 67.8750 
  0.0700,  -1.1100,  10.2500, -17.0625,  21.3750,  55.1875, -15.1250,  33.4375, -243.3750, 13508, -5.8750, -0.5625, 63.3125 
 -0.0900,  -1.2600,   9.7800, -17.0625,  21.3750,  55.1875, -14.8750,  64.9375, -236.0000, 13528, -6.1875, 0.0625, 58.5625 
  0.1200,  -1.0800,   9.9800, -17.0625,  21.3750,  55.1875, -10.0625,  50.8125, -242.3125, 13545, -6.3750, 0.5625, 53.9375 
 -0.3600,  -1.1300,  10.0600, -21.5000,  16.6875,  54.0000,  37.6250,  37.5000, -280.3750, 13562, -6.3125, 0.7500, 51.3750 
 -1.1100,  -1.3500,   9.6200, -21.5000,  16.6875,  54.0000,  25.8125,  45.0625, -323.9375, 13582, -5.6875, 0.8125, 45.7500 
 -0.4400,  -0.9100,   9.4600, -21.5000,  16.6875,  54.0000,  32.6875,  54.1875, -295.8750, 13599, -5.2500, 1.1875, 39.6875 
 -0.3700,  -0.6300,   9.7400, -26.5625,  11.2500,  52.5000,  53.3750,  37.3750, -276.8125, 13620, -4.3750, 1.5625, 34.3750 
 -0.1700,  -0.3300,   9.5400, -26.5625,  11.2500,  52.5000,  20.8750,  -8.4375, -251.8750, 13641, -3.8125, 1.5000, 29.1250 
 -0.1200,  -0.6000,   9.5800, -31.0000,   4.6875,  50.5625,  16.6250, -27.5625, -241.1875, 13659, -3.5625, 0.8750, 24.3125 
  0.2700,  -0.9900,  10.4000, -31.0000,   4.6875,  50.5625,   0.9375, -33.0625, -215.5625, 13677, -3.4375, -0.0625, 20.1250 
  0.0800,  -0.6500,  10.5100, -31.0000,   4.6875,  50.5625, -12.6875, -11.8750, -224.0000, 13694, -3.6250, -0.6250, 15.8125 
  0.1500,  -0.3800,   9.9700, -30.7500,  -0.6875,  51.7500,  -1.7500,  -4.6875, -208.4375, 13713, -3.6875, -0.8125, 13.6875 
 -0.0400,  -0.1300,   9.6000, -30.7500,  -0.6875,  51.7500,   5.9375, -23.0000, -168.6875, 13732, -3.5625, -1.1875, 9.8125 
  0.0300,  -0.4500,   9.8000, -30.7500,  -0.6875,  51.7500,   0.7500, -28.4375, -141.0000, 13750, -3.4375, -1.8750, 6.8750 
  0.1800,  -0.5400,  10.3500, -28.2500,  -7.5625,  51.7500,   8.9375, -33.6875, -95.6250, 13770, -3.2500, -2.6250, 4.8125 
  0.4100,  -0.3800,   9.8400, -28.2500,  -7.5625,  51.7500,   5.6875, -30.1250, -71.8125, 13791, -3.0000, -3.3750, 3.3750 
  0.5100,  -0.3900,  10.0500, -27.0000,  -8.7500,  52.1875,  -8.7500,  -3.5625, -60.4375, 13808, -3.0625, -3.6250, 2.1875 
  0.3500,  -0.4000,   9.6400, -27.0000,  -8.7500,  52.1875,  -5.3750,   5.8750, -44.2500, 13827, -3.1250, -3.5625, 1.1875 
  0.3700,  -0.4100,   9.8600, -27.0000,  -8.7500,  52.1875,  -1.8750,  -1.6875, -25.0000, 13844, -3.0625, -3.5000, 0.8750 
  0.4400,  -0.5000,  10.0000, -25.1875, -11.6875,  52.5000,  -4.5000,  -8.4375, -15.0000, 13861, -3.1250, -3.6250, 0.5000 
  0.3600,  -0.4500,   9.9200, -25.1875, -11.6875,  52.5000,  -5.8750,   6.7500,  14.4375, 13882, -3.1875, -3.6875, 0.5000 
  0.3600,  -0.5400,   9.7500, -25.1875, -11.6875,  52.5000,  -4.0000,   7.5000,  21.1875, 13899, -3.3125, -3.5000, 0.8750 
  0.2500,  -0.3600,   9.8000, -24.1875, -11.7500,  51.3750,  -1.8125,  -7.0625,  32.4375, 13917, -3.3750, -3.5000, 359.9375 
  0.4600,  -0.4300,  10.1500, -24.1875, -11.7500,  51.3750,   2.2500,  -9.4375,  48.5000, 13934, -3.3750, -3.5625, 0.3125 
  0.3500,  -0.3000,  10.2100, -24.1875, -11.7500,  51.3750,  -1.7500,   3.0000,  72.5625, 13953, -3.3750, -3.6250, 1.3750 
  0.2700,  -0.2500,  10.5800, -24.5000, -11.5000,  52.5000,   0.1875,  20.6875, 110.1250, 13972, -3.5625, -3.3750, 1.6250 
 -0.0500,  -0.3200,   9.9000, -24.5000, -11.5000,  52.5000,  -4.3125,  25.8750, 187.5000, 13992, -3.6875, -2.7500, 4.0625 
  0.2800,  -0.4700,   9.9600, -26.6875, -11.0625,  52.5000, -15.5000,  15.8750, 225.7500, 14010, -4.0000, -2.0625, 8.0625 
  0.3300,  -1.0600,   9.3800, -26.6875, -11.0625,  52.5000, -22.7500,   4.0625, 277.5625, 14029, -4.6250, -1.5625, 13.1875 
  0.4400,  -1.5300,   9.5600, -26.6875, -11.0625,  52.5000, -33.5625,   5.7500, 322.0000, 14047, -5.3125, -0.9375, 19.3125 
  0.1700,  -1.6200,   9.8900, -28.8750,  -5.2500,  51.7500, -35.2500,  -9.7500, 313.8750, 14064, -5.8125, -0.6250, 22.3750 
 -0.1300,  -1.5600,   9.7700, -28.8750,  -5.2500,  51.7500,  -8.4375,  -5.4375, 310.9375, 14084, -6.3125, -0.2500, 28.4375 
 -0.1900,  -1.3300,   9.8300, -28.8750,  -5.2500,  51.7500,  -6.7500,   8.5625, 310.1875, 14101, -6.5000, 0.3750, 34.4375 
 -0.4900,  -0.8200,   9.7200, -28.5000,   0.3750,  52.1875,  -0.8125,  17.0000, 319.0000, 14121, -6.3750, 1.3750, 40.5000 
 -0.1000,  -0.5100,   9.8700, -28.5000,   0.3750,  52.1875,   4.6250,  -3.0000, 313.5625, 14142, -6.1875, 2.1250, 46.6875 
 -0.8900,  -1.2800,  10.3700, -28.5000,   9.5000,  53.0000,   0.0625,  -5.3750, 299.3750, 14159, -5.8750, 2.6250, 52.5625 
 -0.4000,  -1.1100,  10.3600, -28.5000,   9.5000,  53.0000,   6.6250,   6.8125, 301.4375, 14178, -5.5000, 3.2500, 58.3750 
 -0.5900,  -0.8800,   9.8600, -28.5000,   9.5000,  53.0000,  34.5625,  32.1875, 245.3125, 14195, -5.0625, 3.6875, 61.0000 
 -0.5200,  -0.7100,  10.0100, -25.3750,  17.0625,  52.3750,  44.2500,  30.7500, 214.7500, 14214, -4.0000, 4.7500, 65.5000 
 -0.3700,  -0.4400,  10.1700, -25.3750,  17.0625,  52.3750,  23.8125,  22.6875, 170.1875, 14233, -2.8750, 5.5000, 69.4375 
 -1.0600,  -0.8600,   9.7800, -25.3750,  17.0625,  52.3750,  13.3125,   9.3750, 153.8125, 14251, -2.1875, 5.9375, 72.5625 
 -0.9300,  -0.4200,  10.2700, -22.7500,  23.6875,  50.8750,   1.4375, -20.6250, 151.0000, 14270, -1.8750, 5.8125, 75.4375 
 -1.1200,  -0.4600,  10.2700, -22.7500,  23.6875,  50.8750,  -2.9375, -19.0000, 158.2500, 14289, -1.5625, 5.4375, 78.5000 
 -0.7800,  -0.4400,  10.1200, -19.5625,  27.1875,  51.2500,   4.0625, -13.1250, 161.0625, 14307, -1.2500, 5.2500, 81.6250 
 -0.5300,  -0.4100,  10.1900, -19.5625,  27.1875,  51.2500,   4.0625, -30.6875, 134.8750, 14325, -1.0625, 5.1250, 83.0625 
 -0.3500,  -0.3700,  10.2200, -19.5625,  27.1875,  51.2500,   2.0625, -36.8125, 106.1250, 14345, -0.8125, 4.5000, 85.5625 
 -0.2800,  -0.2700,   9.8800, -15.2500,  30.5000,  52.0625,   1.0000, -29.5000,  88.3750, 14362, -0.6250, 3.8750, 87.4375 
 -0.4200,  -0.2800,   9.8600, -15.2500,  30.5000,  52.0625,  -0.3750, -29.1875,  52.0625, 14383, -0.5000, 3.3750, 88.6250 
 -0.3800,  -0.3600,   9.9400, -15.2500,  30.5000,  52.0625, -11.6875, -20.2500,  32.0000, 14400, -0.6875, 2.9375, 89.3125 
 -0.3400,  -0.3700,   9.5900, -11.0625,  31.7500,  52.0625, -14.9375, -11.4375,  23.8125, 14417, -0.9375, 2.6875, 89.8125 
 -0.3400,  -0.4100,   9.9300, -11.0625,  31.7500,  52.0625, -16.0000, -10.6250,  33.9375, 14436, -1.1250, 2.5625, 90.0625 
 -0.3300,  -0.4200,   9.9300, -11.0625,  31.7500,  52.0625, -12.0625, -13.5625,  31.5000, 14453, -1.3750, 2.3750, 90.7500 
 -0.1200,  -0.4000,  10.1400,  -9.2500,  31.7500,  54.0000,   2.2500,  -5.0625,  23.0000, 14474, -1.4375, 2.1875, 91.3125 
 -0.1200,  -0.4600,  10.1200,  -9.2500,  31.7500,  54.0000,   5.4375,  11.3750,   3.8125, 14494, -1.3750, 2.1875, 91.6875 
  0.5400,   0.1200,  10.3900,  -7.8750,  31.3750,  53.5625,  33.1875,   2.5000, -15.8125, 14512, -1.0000, 2.3125, 90.5625 
  0.4100,  -0.0200,  10.2100,  -7.8750,  31.3750,  53.5625,  -6.5000,  -8.6250,   1.0000, 14531, -0.7500, 2.2500, 90.4375 
  0.2600,  -0.3100,   9.6700,  -7.8750,  31.3750,  53.5625, -10.6875,   3.3125, -52.0000, 14548, -0.8125, 2.0625, 89.5625 
 -0.0500,  -0.4600,   9.9200,  -7.5000,  32.1875,  52.3750, -30.1875,  43.0625, -90.7500, 14566, -1.0625, 2.3125, 88.0000 
 -0.2300,  -0.3700,   9.6400,  -7.5000,  32.1875,  52.3750, -27.2500,  45.5000, -120.0000, 14585, -1.7500, 3.1875, 86.0625 
 -0.5600,  -0.5900,  10.0900,  -7.5000,  32.1875,  52.3750, -19.3125,  43.1250, -131.0625, 14603, -2.3750, 3.9375, 83.6250 
 -0.4500,  -0.7700,   9.9500,  -9.7500,  30.3750,  54.0000,  -6.5625,  37.8750, -161.3750, 14622, -2.7500, 4.5625, 79.6875 
 -0.7400,  -0.7800,  10.1400,  -9.7500,  30.3750,  54.0000, -19.6875,   7.7500, -194.6250, 14642, -3.3750, 4.6875, 76.0625 
 -0.6900,  -0.8500,  10.0300, -15.2500,  28.1875,  52.8750, -16.8750, -43.3750, -256.8125, 14659, -4.0000, 3.8125, 71.5000 
 -0.7300,  -1.0900,  10.5100, -15.2500,  28.1875,  52.8750, -11.7500, -52.7500, -298.4375, 14678, -4.3125, 3.0625, 68.8125 
 -0.6200,  -1.1000,  10.2100, -15.2500,  28.1875,  52.8750, -34.5000, -30.9375, -311.6250, 14697, -4.8750, 1.7500, 62.9375 
  0.0100,  -1.2400,   9.5700, -18.5000,  23.5000,  54.3750, -38.6875, -25.6250, -305.8125, 14714, -5.6875, 0.6250, 57.0000 
 -0.0400,  -1.4100,   9.9700, -18.5000,  23.5000,  54.3750, -47.1875,   1.0625, -309.1250, 14735, -6.8750, -0.3750, 51.0625 
 -0.0100,  -1.9600,  10.2000, -18.5000,  23.5000,  54.3750, -36.3750,  40.3125, -305.4375, 14752, -7.6250, -0.6875, 45.1250 
 -0.0100,  -1.5400,   9.6100, -21.7500,  15.8750,  55.1875, -41.2500,  89.5000, -320.6250, 14772, -8.3750, 0.0000, 38.8125 
  0.1300,  -2.0700,  10.1700, -21.7500,  15.8750,  55.1875, -11.3125,  85.5000, -297.3125, 14790, -8.8125, 0.7500, 32.8125 
 -0.0400,  -1.6500,   9.8500, -27.1875,   6.0000,  54.3750,  -2.0000,  59.4375, -261.0625, 14808, -8.8750, 1.0625, 30.0625 
 -0.1300,  -1.1300,   9.6000, -27.1875,   6.0000,  54.3750,  48.2500,  21.7500, -231.0000, 14827, -8.8750, 1.2500, 25.1250 
 -0.1800,  -0.9100,   9.5300, -27.1875,   6.0000,  54.3750,  64.7500,  -0.5625, -221.1875, 14846, -7.8125, 0.9375, 20.6250 
 -0.1900,  -0.6900,   9.6800, -30.5000,  -0.7500,  52.5000,  71.1875, -14.1250, -214.4375, 14864, -6.5625, 0.2500, 16.3750 
 -0.6500,  -1.2200,   9.6100, -30.5000,  -0.7500,  52.5000,  60.3750, -11.5000, -229.6875, 14884, -5.3125, -0.3750, 12.0625 
  0.4400,  -0.8100,  10.0400, -30.5000,  -0.7500,  52.5000,  77.7500, -17.9375, -245.5625, 14902, -3.7500, -1.0625, 7.3750 
  0.7300,  -0.2000,   9.6200, -30.5000,  -3.5000,  51.7500,  46.4375, -19.2500, -218.0000, 14920, -2.6875, -1.6875, 3.1250 
 -0.6600,  -0.8300,   8.7000, -30.5000,  -3.5000,  51.7500,  39.3750, -16.0000, -234.9375, 14939, -2.1250, -2.0000, 0.8125 
  0.6200,   0.9600,  10.5100, -30.5000,  -3.5000,  51.7500,  48.8125, -11.9375, -179.3125, 14956, -1.2500, -2.4375, 356.6875 
  0.6700,   0.6300,  10.2500, -28.5000,  -6.6875,  52.5000,  23.2500, -17.1875, -144.3750, 14977, -0.2500, -2.7500, 353.4375 
  0.0900,   0.4500,   9.8400, -28.5000,  -6.6875,  52.5000, -14.0000,   2.9375, -108.3125, 14997, 0.0000, -3.0000, 350.8125 
  0.6300,  -0.3100,   9.6900, -26.0000,  -9.2500,  53.5625,  -6.6875,  -2.6250, -94.4375, 15014, -0.0625, -3.0000, 347.9375 
  1.0700,   0.3900,   9.6500, -26.0000,  -9.2500,  53.5625,   4.7500,   0.1875, -87.1875, 15034, 0.0000, -3.0000, 346.1875 
  0.4900,   0.1200,   9.6600, -26.0000,  -9.2500,  53.5625,  18.5000,  -9.2500, -68.9375, 15051, 0.3750, -3.1875, 344.8125 
  0.3100,   0.3000,   9.8300, -25.1875, -13.3750,  52.8750,  14.7500, -12.3750, -51.3750, 15069, 0.7500, -3.3750, 342.6250 
  0.4900,   0.1500,   9.9100, -25.1875, -13.3750,  52.8750,  -3.5625, -12.8750, -23.0000, 15088, 0.8750, -3.5000, 342.2500 
  0.5400,   0.1500,   9.9300, -25.1875, -13.3750,  52.8750, -15.5625,  -8.5000, -12.3750, 15106, 0.6875, -3.6875, 341.8750 
  0.4100,   0.0600,   9.6400, -23.5000, -14.3750,  53.2500,  -0.3125,   8.1250,  -4.6875, 15124, 0.5625, -3.5625, 340.7500 
  0.4300,   0.3200,   9.9000, -23.5000, -14.3750,  53.2500,   5.0625,   6.0000,  -4.0000, 15142, 0.6875, -3.3750, 340.6875 
  0.5500,   0.1400,  10.1900, -23.1875, -12.8750,  53.5625,  -1.3750,  -3.7500,   1.3750, 15160, 0.7500, -3.4375, 340.0625 
  0.6600,   0.0500,  10.4100, -23.1875, -12.8750,  53.5625,   1.0000,  -0.6250,   5.8125, 15178, 0.6875, -3.4375, 340.0625 
  0.4000,   0.2900,  10.3900, -23.1875, -12.8750,  53.5625,   1.3750,  11.0000,  19.7500, 15198, 0.6875, -3.4375, 340.2500 
  0.3100,   0.2600,  10.1200, -23.1875, -13.6875,  53.5625,   2.8750,  16.2500,  31.9375, 15215, 0.7500, -3.1875, 340.0625 
 -0.0400,   0.3600,   9.9100, -23.1875, -13.6875,  53.5625,   5.3125,  25.8750,  67.4375, 15236, 0.7500, -2.7500, 341.1250 
 -0.2300,   0.7000,  10.4500, -23.1875, -13.6875,  53.5625,  14.3125,  28.0000, 113.5000, 15253, 0.8750, -2.2500, 343.1250 
 -0.3400,   1.0600,  10.0000, -24.1875, -13.3750,  53.5625,  21.9375,  38.6875, 195.2500, 15271, 1.1875, -1.5625, 345.9375 
 -0.1900,   0.0000,   9.7700, -24.1875, -13.3750,  53.5625, -20.5000,  31.8125, 305.1250, 15289, 1.1875, -1.2500, 348.3750 
  0.1300,  -0.1000,  10.3200, -24.1875, -13.3750,  53.5625, -55.2500,  35.8125, 403.7500, 15306, 0.5000, -0.7500, 354.7500 
  0.0600,  -0.3900,   9.9000, -26.0625, -10.0625,  52.0625, -93.8125,  66.1250, 474.6250, 15327, -0.7500, 0.0625, 2.9375 
 -0.0200,  -1.3100,   9.5500, -26.0625, -10.0625,  52.0625, -79.6250,  69.6250, 515.0000, 15347, -2.5000, 1.7500, 12.4375 
 -0.1300,  -1.0800,   9.2800, -30.3750,  -3.5625,  52.0625, -52.6250,  55.7500, 503.0000, 15365, -3.3125, 3.4375, 22.2500 
 -0.8600,  -0.9600,   9.5100, -30.3750,  -3.5625,  52.0625, -26.8750,   1.8750, 461.5625, 15384, -3.3125, 4.3125, 31.5000 
 -0.5900,  -0.4300,   9.4900, -30.3750,  -3.5625,  52.0625, -31.5625,  -3.1875, 389.0625, 15401, -3.2500, 4.6875, 39.3750 
 -0.5100,   0.0900,   9.6100, -32.5625,   8.3750,  50.5000, -11.0625, -16.7500, 331.9375, 15419, -3.1875, 4.8125, 42.8750 
 -0.7300,  -0.3600,   9.7000, -32.5625,   8.3750,  50.5000,  11.7500,   2.1250, 294.8750, 15438, -2.7500, 4.8750, 49.1250 
 -0.5100,  -0.1300,  10.0300, -32.5625,   8.3750,  50.5000,  17.5000,   7.8750, 283.4375, 15456, -1.9375, 5.1875, 54.6875 
 -0.7900,  -0.6600,  10.2300, -28.1875,  18.5000,  50.8750,  30.5000,   4.4375, 267.8750, 15476, -0.9375, 5.4375, 59.9375 
 -0.6200,   0.0800,  10.6200, -28.1875,  18.5000,  50.8750,  30.8750, -18.1250, 252.8750, 15497, 0.1250, 5.2500, 64.8750 
 -0.5900,   0.0200,  10.1600, -23.5625,  25.3750,  50.8750,  21.7500, -31.5000, 215.5000, 15514, 0.9375, 4.6875, 69.2500 
 -0.6300,  -0.2100,  10.3800, -23.5625,  25.3750,  50.8750,  21.8125, -49.5625, 174.0000, 15532, 1.6250, 3.6875, 72.7500 
 -0.5600,  -0.0300,  10.4000, -23.5625,  25.3750,  50.8750,  13.5000, -43.5000, 154.2500, 15550, 1.8750, 3.2500, 74.3125 
 -0.5600,  -0.0700,  10.1800, -17.0625,  31.5000,  50.5000,   4.5625, -33.5625, 147.5000, 15567, 2.2500, 2.3750, 77.1875 
  0.1000,   0.4700,   9.8400, -17.0625,  31.5000,  50.5000, -10.3750,   6.1875, 127.5625, 15588, 2.1875, 2.1875, 80.0625 
 -0.0800,  -0.0300,   9.6500, -17.0625,  31.5000,  50.5000,  -7.0625,  -7.5000, 111.7500, 15605, 2.1250, 2.0625, 82.3750 
 -0.1900,  -0.1300,  10.1900, -11.3750,  33.1875,  50.0625,  -8.9375,  -9.4375,  74.3125, 15624, 2.0625, 1.8125, 84.0000 
 -0.2800,  -0.1700,  10.3400, -11.3750,  33.1875,  50.0625, -23.0000,   8.0000,  34.3750, 15641, 1.6875, 1.8125, 84.8750 
 -0.4300,  -0.1100,  10.2600, -11.3750,  33.1875,  50.0625,  -7.2500,   0.8125,  14.5000, 15659, 1.5000, 1.8750, 85.0625 
 -0.1600,  -0.1700,   9.8100,  -8.0625,  35.0000,  52.0625, -12.8125,   5.3125,  -3.1250, 15678, 1.3750, 1.8750, 84.8750 
 -0.2200,  -0.1900,  10.0400,  -8.0625,  35.0000,  52.0625,  -9.3750,  15.2500, -15.7500, 15698, 1.1250, 2.0625, 84.7500 
 -0.2600,  -0.2500,   9.7400,  -7.0625,  34.2500,  52.0625, -15.5000,  15.5625, -18.9375, 15716, 0.8750, 2.3750, 84.4375 
 -0.1900,  -0.3100,   9.4300,  -7.0625,  34.2500,  52.0625, -30.2500,  10.8125, -33.9375, 15735, 0.3125, 2.6250, 83.8750 
 -0.3800,  -0.3600,  10.1000,  -7.0625,  34.2500,  52.0625, -24.7500,   2.7500, -41.1875, 15753, -0.1875, 2.6250, 83.1250 
 -0.3000,  -0.4600,  10.0300,  -8.5625,  34.0000,  53.2500, -19.3125,  18.8750, -45.8750, 15770, -0.4375, 2.7500, 82.6875 
 -0.1900,  -0.4900,   9.6200,  -8.5625,  34.0000,  53.2500, -19.1875,  16.8125, -58.0000, 15790, -0.8125, 3.1250, 81.7500 
 -0.2700,  -0.5800,  10.1600,  -8.5625,  34.0000,  53.2500, -24.7500,  15.8125, -71.6250, 15807, -1.3750, 3.3750, 80.5625 
 -0.1600,  -0.5500,  10.3400, -10.0000,  32.6875,  52.8750, -33.6250,  29.5000, -106.5625, 15827, -2.1250, 3.8125, 78.6875 
 -0.7100,  -0.7700,  10.5300, -10.0000,  32.6875,  52.8750, -31.5625,  38.8125, -170.6250, 15848, -2.9375, 4.4375, 75.6875 
 -0.9000,  -0.9300,  10.6300, -12.2500,  29.5000,  54.0000, -22.3125,  32.1875, -209.6250, 15865, -3.7500, 4.8750, 71.8125 
 -1.1300,  -1.1300,  10.4100, -12.2500,  29.5000,  54.0000, -18.2500,  18.5000, -237.4375, 15883, -4.5000, 5.0000, 67.3125 
 -0.4600,  -1.0100,   9.9200, -12.2500,  29.5000,  54.0000,  -4.6875, -12.5625, -273.0000, 15901, -4.8125, 4.8125, 64.8750 
 -0.7400,  -1.2700,   9.9500, -18.5000,  24.3750,  54.0000, -49.9375, -24.5000, -317.5000, 15919, -5.5000, 3.9375, 59.3750 
 -0.1200,  -1.2100,   9.3900, -18.5000,  24.3750,  54.0000, -41.8125,  -8.6250, -358.7500, 15939, -6.9375, 2.8125, 53.1250 
 -0.4600,  -2.0200,   9.9500, -18.5000,  24.3750,  54.0000, -31.1875,   3.0000, -375.6250, 15956, -7.9375, 1.8125, 46.0000 
 -0.1800,  -1.6900,   9.2800, -23.5625,  18.5625,  52.8750, -57.6875,  36.3750, -384.1875, 15976, -9.0000, 1.1875, 38.5625 
  0.1200,  -2.4400,   9.5200, -23.5625,  18.5625,  52.8750, -95.5000,  69.5625, -397.4375, 15994, -11.0625, 1.0625, 30.8125 
  0.2100,  -1.9900,   8.9700, -28.5625,   7.0000,  54.3750,  -6.7500,  64.9375, -384.2500, 16012, -11.5625, 0.9375, 27.0000 
  0.3400,  -2.5200,   9.7100, -28.5625,   7.0000,  54.3750,  12.1250,  44.0000, -380.9375, 16031, -11.6875, 0.5000, 19.4375 
  0.4900,  -2.3200,   9.3000, -28.5625,   7.0000,  54.3750,  82.0625,  55.5000, -368.1250, 16051, -11.2500, 0.0000, 12.0000 
 -0.1200,  -1.1000,  10.4700, -31.5000,  -4.0625,  52.1875,  88.9375,  64.6250, -338.2500, 16068, -9.5625, -0.0625, 5.0625 
 -0.2700,  -0.3100,   9.4100, -31.5000,  -4.0625,  52.1875, 101.5625,  75.0625, -303.8750, 16089, -7.7500, 0.3750, 358.8750 
 -0.2800,  -1.0800,   9.8700, -31.5000,  -4.0625,  52.1875,  58.8750,  61.7500, -275.6875, 16107, -6.4375, 0.9375, 353.4375 
  0.0400,  -0.8100,   9.9600, -31.8750, -11.3750,  50.5625,  42.1875,  47.4375, -277.7500, 16125, -5.6875, 1.3750, 348.0000 
 -0.0500,  -0.7000,  10.3800, -31.8750, -11.3750,  50.5625,  61.1875,  15.2500, -262.5000, 16143, -4.6875, 1.3125, 342.7500 
 -0.3100,  -0.4300,  10.0800, -31.8750, -11.3750,  50.5625,  68.6875,   7.2500, -236.4375, 16161, -4.0625, 1.1875, 340.3125 
 -1.5300,  -0.1500,   8.7500, -32.0000, -15.6875,  51.0000,  50.9375,   1.1250, -190.3125, 16181, -2.8750, 1.0625, 335.8750 
 -0.5500,  -0.2100,  10.4200, -32.0000, -15.6875,  51.0000,  40.2500,  13.2500, -144.2500, 16201, -1.9375, 1.0000, 332.3750 
 -0.7400,  -0.1700,  10.4700, -28.3750, -18.6875,  49.0000,  29.4375,  14.5000, -119.1875, 16219, -1.3125, 1.1875, 329.8125 
 -0.5000,  -0.2600,   9.9500, -28.3750, -18.6875,  49.0000,  -8.0625,   9.9375, -62.8125, 16239, -1.3125, 1.3125, 328.3750 
 -0.3400,  -0.2600,   9.4900, -28.3750, -18.6875,  49.0000,  -5.0000,   2.0000, -32.3125, 16257, -1.5000, 1.3750, 327.6250 
 -0.0700,  -0.3600,   9.6400, -26.1875, -21.1875,  51.0000,   0.1250, -17.5000, -18.8125, 16275, -1.5000, 1.1250, 327.1875 
 -0.1600,  -0.5300,  10.0500, -26.1875, -21.1875,  51.0000,   7.3125, -11.5625, -10.1875, 16292, -1.5000, 0.9375, 327.0625 
 -0.1700,  -0.3700,  10.1800, -26.1875, -21.1875,  51.0000,  12.8750,   0.2500,  -8.5000, 16311, -1.3125, 0.7500, 326.8750 
 -0.4100,  -0.0500,  10.3200, -25.0625, -22.2500,  50.1875,   2.0625,  10.0000,   8.5625, 16330, -1.1250, 0.8125, 326.0625 
 -0.4600,  -0.0400,   9.9700, -25.0625, -22.2500,  50.1875,   3.6250,  -2.7500,  23.3125, 16351, -1.1250, 1.0000, 326.3125 
 -0.4400,  -0.0100,   9.7800, -25.5000, -20.7500,  51.7500,   9.6250,  -5.8125,  27.2500, 16368, -0.9375, 0.9375, 326.4375 
 -0.3600,  -0.0300,  10.2000, -25.5000, -20.7500,  51.7500,   2.9375,  -2.3125,  36.0625, 16389, -0.8125, 0.8750, 327.0625 
 -0.3700,  -0.1300,  10.9400, -25.5000, -20.7500,  51.7500,   1.5000,  10.0000,  57.8125, 16406, -0.8125, 1.0000, 328.0625 
 -0.6500,   0.0100,  10.5000, -25.5000, -20.5000,  51.0000, -10.0000,  17.5625,  92.9375, 16423, -0.8125, 1.1875, 328.3750 
 -0.9800,   0.1400,  10.1700, -25.5000, -20.5000,  51.0000, -27.6875,  10.3750, 147.6875, 16442, -1.0000, 1.5000, 330.3750 
 -0.9400,   0.0700,  10.0700, -25.5000, -20.5000,  51.0000, -36.6875,   1.3125, 178.8125, 16460, -1.5625, 1.6875, 333.5625 
 -0.8200,  -0.3000,  10.4200, -27.2500, -19.0000,  50.1875, -56.1875, -11.1875, 250.2500, 16481, -2.4375, 1.6875, 338.0625 
 -0.4400,  -0.4900,   9.9600, -27.2500, -19.0000,  50.1875, -38.5625, -21.0625, 374.9375, 16501, -3.3750, 1.6875, 344.1250 
  0.0400,  -0.7100,  10.0600, -29.3750, -16.1875,  49.3750, -35.8125, -26.2500, 405.6250, 16519, -3.8750, 1.7500, 351.6875 
  0.1100,  -1.0800,   9.5600, -29.3750, -16.1875,  49.3750, -34.0625, -46.3750, 452.4375, 16538, -4.3750, 1.5000, 0.3125 
  0.1900,  -0.8600,   8.8500, -29.3750, -16.1875,  49.3750, -29.9375, -26.9375, 440.6250, 16556, -4.7500, 1.5000, 9.0000 
 -0.0600,  -0.9300,   9.1700, -33.0625,  -8.1875,  50.1875, -18.0000, -10.6875, 383.0625, 16573, -4.8750, 1.7500, 13.0000 
 -0.0000,  -0.8400,   9.3400, -33.0625,  -8.1875,  50.1875,  -0.5625, -26.8125, 355.2500, 16592, -4.9375, 2.1250, 20.2500 
 -0.3800,  -0.9000,  10.1200, -33.0625,  -8.1875,  50.1875,   8.4375, -40.5625, 347.8750, 16610, -4.5625, 2.0000, 27.0625 
 -0.1500,  -0.9400,   9.9200, -32.0000,   1.8750,  49.8750,   2.8125, -33.3750, 301.8750, 16629, -4.2500, 1.7500, 33.1875 
 -0.6000,  -0.4100,  10.0400, -32.0000,   1.8750,  49.8750,  12.6250, -23.6875, 301.3125, 16650, -3.8750, 1.6875, 38.9375 
 -0.2700,  -0.4300,  10.3000, -29.0625,  11.5000,  51.0000,  27.1875,  15.0000, 291.1875, 16667, -3.2500, 2.1875, 44.6875 
 -0.2900,  -0.2900,   9.9000, -29.0625,  11.5000,  51.0000,  32.0625,  10.6875, 273.1250, 16685, -2.4375, 2.7500, 50.0000 
 -0.2100,  -0.1700,   9.8300, -29.0625,  11.5000,  51.0000,  23.4375,  -1.1875, 253.0000, 16704, -2.0000, 2.8750, 52.5000 
 -0.9000,  -0.4300,  10.7200, -25.7500,  19.5000,  52.1875,  19.1250,   2.6875, 256.2500, 16721, -1.3125, 3.0000, 57.4375 
 -0.8800,  -0.5700,  10.3600, -25.7500,  19.5000,  52.1875,  26.5000,  -9.8125, 270.6250, 16742, -0.6875, 3.1250, 62.6250 
 -0.3900,  -0.5300,  10.5000, -25.7500,  19.5000,  52.1875,  20.7500, -12.6250, 264.7500, 16759, 0.0000, 2.9375, 67.8125 
 -0.2600,  -0.1900,   9.5800, -20.6875,  27.0000,  51.3750,   4.2500, -20.6250, 226.6875, 16778, 0.3125, 2.5625, 72.3750 
  0.1400,  -0.0800,  10.2200, -20.6875,  27.0000,  51.3750,  16.4375, -41.8750, 183.7500, 16795, 0.7500, 1.8125, 76.1250 
  0.2700,  -0.2300,  10.0500, -20.6875,  27.0000,  51.3750,   1.3750, -24.5625, 129.3125, 16813, 0.9375, 1.4375, 77.6875 
  0.4700,   0.1300,   9.5400, -13.5000,  32.0000,  53.0000,  -2.0625, -15.0625,  63.6875, 16833, 0.9375, 1.0000, 79.8750 
 -0.1500,  -0.3300,  10.1000, -13.5000,  32.0000,  53.0000,  -3.5625, -10.5625,  29.5000, 16852, 0.9375, 0.6875, 80.8750 
 -0.2300,  -0.4700,   9.8100,  -7.0625,  33.5000,  51.7500,  -6.4375,  -0.0625,  25.9375, 16870, 0.8750, 0.5625, 81.4375 
 -0.0300,  -0.2000,   9.8100,  -7.0625,  33.5000,  51.7500,  -7.8125,   7.3125,  30.7500, 16889, 0.7500, 0.6875, 82.0625 
 -0.0400,  -0.1400,   9.8700,  -7.0625,  33.5000,  51.7500,  -7.0000,   3.2500,  26.8750, 16907, 0.6250, 0.7500, 82.5625 
  0.1000,  -0.1300,   9.9900,  -7.5000,  33.5000,  51.3750,  -8.6875,  -1.5000,   8.8125, 16924, 0.5000, 0.7500, 82.8125 
  0.2300,  -0.3000,  10.0000,  -7.5000,  33.5000,  51.3750,  -5.2500,   4.1250, -22.8750, 16944, 0.3125, 0.7500, 82.8125 
 -0.0300,  -0.2700,  10.0300,  -7.5000,  33.5000,  51.3750,  -6.6875,  13.2500, -43.6875, 16961, 0.1875, 0.9375, 82.1875 
 -0.0200,  -0.2900,   9.9700,  -6.0625,  33.5000,  52.1875,  -4.8750,  10.0000, -68.7500, 16978, 0.0000, 1.1875, 80.8750 
  0.0900,  -0.2900,  10.0500,  -6.0625,  33.5000,  52.1875, -11.0000,  16.1875, -100.5625, 16996, -0.1250, 1.3750, 79.1875 
 -0.1400,  -0.4800,  10.5500,  -6.0625,  33.5000,  52.1875, -14.3125,  26.2500, -158.6875, 17013, -0.3750, 1.5625, 77.8750 
  0.0100,  -0.4500,  10.5200,  -7.8750,  33.0625,  53.0000, -16.3125,  24.2500, -208.9375, 17034, -0.6875, 2.0625, 74.5000 
 -0.1800,  -0.3600,  10.4100,  -7.8750,  33.0625,  53.0000,  -8.6250, -13.7500, -250.8750, 17054, -1.1875, 2.3125, 70.2500 
 -0.4600,  -0.6800,  10.2900, -12.5625,  30.5625,  53.0000,  -1.3125, -38.1875, -284.3125, 17072, -1.5000, 1.6875, 65.0625 
 -0.4100,  -0.6200,   9.7000, -12.5625,  30.5625,  53.0000, -13.5625, -49.0000, -315.2500, 17091, -1.6875, 0.4375, 59.0625 
  0.2600,  -0.4000,   9.9400, -12.5625,  30.5625,  53.0000, -57.3125,  -0.8125, -339.8125, 17108, -2.7500, 0.0000, 52.6250 
 -0.0100,  -0.8100,  10.3600, -18.7500,  25.8750,  53.3750, -50.8125,  10.1875, -356.5625, 17126, -3.7500, -0.1875, 45.7500 
 -0.1300,  -0.5600,  10.0500, -18.7500,  25.8750,  53.3750, -32.7500,   5.5000, -355.3125, 17145, -4.1250, -0.3750, 42.3750 
  0.1000,  -1.2100,   9.3700, -18.7500,  25.8750,  53.3750, -20.1250,  -1.9375, -364.8125, 17163, -4.5625, -0.8750, 35.3750 
  0.3900,  -1.5000,   9.5700, -24.1875,  17.1875,  54.1875,  27.6875,   7.2500, -331.9375, 17183, -4.0000, -1.3750, 28.3750 
  0.3000,  -0.6500,  10.0400, -24.1875,  17.1875,  54.1875, -30.8750,  13.1250, -305.2500, 17204, -3.6250, -1.6250, 22.1875 
  0.3100,  -0.9300,  10.6300, -28.1875,   8.7500,  53.7500, -33.9375,  17.2500, -318.1250, 17221, -4.0625, -1.7500, 16.1875 
  0.2700,  -0.8200,   9.8900, -28.1875,   8.7500,  53.7500,  -9.6875,  37.5625, -336.5000, 17242, -4.1875, -1.6250, 9.6875 
  0.5100,  -0.7200,   9.9000, -28.1875,   8.7500,  53.7500, -22.8125,  51.6875, -337.0625, 17259, -4.3750, -1.1250, 3.0625 
  0.1000,  -0.3300,   8.9900, -31.0625,   0.0625,  53.0000, -24.5000,  54.1875, -309.5000, 17276, -4.5000, -0.8750, 360.0000 
  0.1600,  -0.6900,   9.7000, -31.0625,   0.0625,  53.0000, -35.5625,  63.6250, -276.3750, 17295, -5.1250, -0.1875, 354.0625 
  0.3200,  -0.5100,  10.0800, -31.0625,   0.0625,  53.0000,   0.3750,  38.0625, -269.6875, 17313, -5.4375, 0.2500, 348.7500 
 -0.1100,  -0.5400,  10.1400, -31.0625, -10.0000,  50.5625,  35.8125, -17.6875, -226.8750, 17334, -5.1250, -0.2500, 343.8125 
 -0.3400,  -0.5300,  10.1700, -31.0625, -10.0000,  50.5625,  41.6875,  -9.3750, -183.3125, 17354, -4.2500, -0.9375, 339.6875 
  0.1300,  -0.7100,  10.3800, -29.6875, -17.6875,  50.2500,  23.1875,  -0.6875, -165.0625, 17372, -3.5625, -1.2500, 336.3125 
 -0.0500,  -0.5800,   9.8600, -29.6875, -17.6875,  50.2500,  14.5000,  18.9375, -142.3125, 17392, -3.1875, -1.1875, 333.4375 
 -0.2500,  -0.2900,   9.9500, -29.6875, -17.6875,  50.2500,  23.0625,  37.1250, -103.6875, 17410, -2.7500, -0.6250, 331.2500 
 -0.2400,  -0.3300,   9.8100, -26.8750, -19.7500,  50.6875,  15.9375,   6.3125, -61.6875, 17427, -2.3750, -0.3750, 329.8125 
 -0.0100,  -0.3400,  10.0600, -26.8750, -19.7500,  50.6875,   8.7500,  -7.8125, -19.5000, 17446, -2.2500, -0.5000, 329.4375 
 -0.1200,  -0.3300,   9.6100, -26.8750, -19.7500,  50.6875,   2.1250,  -6.5000,  -6.0625, 17464, -2.1250, -0.6250, 329.1875 
 -0.0000,  -0.3300,   9.3700, -26.8750, -22.0000,  51.0625,  10.3125,  -2.1875,   8.4375, 17484, -2.0000, -0.6875, 329.3125 
  0.1000,  -0.2500,   9.7900, -26.8750, -22.0000,  51.0625,  11.1250,  -1.8750,  15.6875, 17505, -1.7500, -0.7500, 329.4375 
 -0.0800,  -0.0600,  10.4200, -26.5000, -20.5625,  51.0625,   7.3750,   4.3750,  26.8125, 17522, -1.5625, -0.6875, 329.5625 
 -0.0900,  -0.0500,  10.2000, -26.5000, -20.5625,  51.0625,  -5.6250,  13.8125,  57.2500, 17542, -1.6250, -0.4375, 330.5000 
 -0.7300,  -0.2900,  10.1900, -26.5000, -20.5625,  51.0625, -29.6250,  28.5000, 104.6875, 17559, -2.0625, 0.0625, 332.2500 
 -0.3600,  -0.4100,   9.9500, -26.5000, -20.5000,  52.2500, -41.2500,  21.4375, 158.3750, 17577, -2.3750, 0.3750, 333.2500 
 -0.3700,  -0.5800,   9.6600, -26.5000, -20.5000,  52.2500, -47.5625,  19.0625, 191.3750, 17596, -3.3125, 0.8750, 336.5000 
 -0.1800,  -0.6900,  10.1300, -26.5000, -20.5000,  52.2500, -33.1875,  17.1875, 201.7500, 17613, -4.0000, 1.5000, 340.3125 
 -0.3600,  -0.6500,  10.2900, -30.0625, -19.0000,  49.5000, -33.0000,  10.1875, 225.9375, 17635, -4.4375, 2.0000, 344.5625 
 -0.7400,  -0.3700,   9.7300, -30.0625, -19.0000,  49.5000, -20.8125,  17.3125, 296.2500, 17655, -4.8125, 2.6250, 349.5625 
 -0.3400,  -1.0500,   9.7600, -34.0625, -15.0625,  48.7500, -39.0000,  17.7500, 329.1250, 17673, -5.0625, 3.4375, 355.5625 
 -0.3100,  -1.5900,   9.7300, -34.0625, -15.0625,  48.7500, -54.1875,  16.7500, 362.1250, 17691, -5.6250, 4.5000, 2.5000 
 -0.3900,  -1.1000,   9.3700, -34.0625, -15.0625,  48.7500, -44.1875,  11.1875, 322.1250, 17709, -6.0000, 5.5000, 9.0625 
 -0.6100,  -1.0600,   9.5600, -37.6875,  -6.6875,  48.7500, -24.2500, -23.6250, 294.0625, 17727, -6.0000, 5.7500, 11.9375 
 -0.6200,  -1.2100,  10.1700, -37.6875,  -6.6875,  48.7500, -13.0625, -42.8125, 279.6875, 17746, -5.8125, 5.7500, 17.6875 
 -0.7500,  -1.0700,   9.5300, -37.6875,  -6.6875,  48.7500, -26.8750, -45.1875, 259.3750, 17764, -5.6875, 5.3750, 23.0000 
 -0.7300,  -0.7500,   9.9800, -38.5000,   1.8750,  48.7500, -30.2500, -56.0625, 247.4375, 17783, -5.8750, 4.8750, 27.8125 
 -0.5700,  -1.2600,  10.3200, -38.5000,   1.8750,  48.7500,   7.3125, -68.8750, 251.6875, 17803, -5.5625, 4.0625, 32.7500 
 -0.1100,  -0.6600,   9.9900, -34.5000,   8.7500,  50.0000,  25.5625, -56.7500, 271.2500, 17820, -4.7500, 3.3750, 38.0000 
  0.1100,  -0.5000,   9.6700, -34.5000,   8.7500,  50.0000,  41.6250, -41.1875, 253.8125, 17838, -4.3125, 3.1250, 40.5625 
 -0.0000,  -0.2500,   9.6500, -34.5000,   8.7500,  50.0000,  36.8125, -44.6250, 255.0000, 17857, -3.2500, 2.6250, 45.4375 
 -0.0600,  -0.1300,   9.8700, -28.2500,  17.8750,  51.5000,  26.3125, -37.1250, 254.7500, 17874, -2.4375, 2.0625, 50.3750 
 -0.5000,  -0.6500,  10.1800, -28.2500,  17.8750,  51.5000,  17.8125,  -7.2500, 231.2500, 17895, -1.8750, 1.9375, 55.0625 
 -0.1700,  -0.4100,  10.2100, -28.2500,  17.8750,  51.5000,  29.0000,  23.5000, 211.0000, 17912, -1.2500, 2.3750, 59.1875 
 -0.5200,  -0.2800,  10.2900, -21.5000,  25.1875,  52.6875,  32.0000,  30.4375, 170.0000, 17931, -0.4375, 3.0000, 62.6875 
 -0.5600,  -0.2200,  10.2100, -21.5000,  25.1875,  52.6875,  27.4375,  20.3750, 145.8750, 17949, -0.0625, 3.3125, 64.1875 
 -0.5800,  -0.3100,  10.2200, -21.5000,  25.1875,  52.6875,  15.6875,  -5.3750, 125.0000, 17967, 0.5000, 3.5000, 66.8750 
 -0.2300,  -0.1000,   9.5500, -19.2500,  29.1875,  51.5000,  -7.2500,  -0.0625,  72.8125, 17986, 0.8750, 3.4375, 69.1250 
 -0.5900,  -0.1700,  10.0600, -19.2500,  29.1875,  51.5000,  -4.5625,  -4.4375,  50.9375, 18007, 0.7500, 3.3750, 70.3750 
 -0.5100,  -0.2000,  10.0300, -16.0625,  31.7500,  51.8750,  -2.7500,  -7.3125,  41.7500, 18024, 0.7500, 3.2500, 71.2500 
 -0.5400,  -0.2600,   9.8400, -16.0625,  31.7500,  51.8750,  -4.1250,  -8.6250,  22.1250, 18043, 0.6875, 3.1250, 71.8125 
 -0.4400,  -0.1600,   9.9400, -16.0625,  31.7500,  51.8750,  -0.6250,  -4.9375,  17.0625, 18061, 0.6250, 3.0000, 72.1250 
 -0.4700,  -0.1400,   9.8300, -15.0000,  32.5000,  52.2500,   1.8125,  -4.1875,  12.5625, 18078, 0.6875, 2.9375, 72.1875 
 -0.2400,  -0.0900,   9.7200, -15.0000,  32.5000,  52.2500,  -0.0625,  -9.5000,   6.5625, 18098, 0.6875, 2.8125, 72.4375 
 -0.1500,  -0.1100,  10.0300, -15.0000,  32.5000,  52.2500,  -1.5625,  -8.2500,   7.8750, 18115, 0.6250, 2.6250, 72.5625 
 -0.1800,  -0.0500,   9.9900, -13.5000,  32.3750,  52.2500,  -0.8750, -12.7500,   6.7500, 18131, 0.6250, 2.4375, 72.6875 
 -0.1100,  -0.1500,  10.1400, -13.5000,  32.3750,  52.2500,   2.5625, -11.6875,   9.0000, 18150, 0.6250, 2.2500, 72.7500 
 -0.0000,  -0.1000,  10.3300, -13.5000,  32.3750,  52.2500,  -1.0625,  -3.4375,   4.0000, 18167, 0.6250, 2.0625, 72.8750 
  0.0400,  -0.1100,  10.0900, -13.0625,  33.1875,  51.8750,  -0.0000,  -5.8125, -18.3750, 18187, 0.6250, 2.0000, 72.8750 
 -0.1500,  -0.2000,  10.1700, -13.0625,  33.1875,  51.8750, -12.6250,  -0.8125, -60.8125, 18207, 0.5625, 1.9375, 72.3125 
 -0.1200,  -0.2700,  10.0700, -12.7500,  33.5000,  53.0625,  -8.7500,  -0.0625, -63.2500, 18225, 0.3125, 1.9375, 71.1250 
  0.0500,  -0.2900,   9.9800, -12.7500,  33.5000,  53.0625,  -7.3125,   4.6250, -66.7500, 18244, 0.0625, 2.0000, 69.8750 
  0.1800,  -0.1800,   9.9500, -12.7500,  33.5000,  53.0625, -11.2500,   5.5625, -108.0000, 18260, -0.1250, 2.0625, 68.0625 
  0.0900,  -0.2900,  10.1200, -14.2500,  30.8750,  52.2500, -20.6250,   7.9375, -164.3125, 18279, -0.3750, 2.1250, 66.6875 
 -0.7700,  -0.4500,   9.8700, -14.2500,  30.8750,  52.2500,   4.8750,   0.9375, -156.0625, 18298, -0.8125, 2.2500, 63.4375 
 -0.3800,  -0.3700,   9.7900, -14.2500,  30.8750,  52.2500,  15.7500,  -2.6250, -137.5625, 18316, -0.7500, 2.1875, 60.6250 
 -0.4600,  -0.4700,  10.2100, -17.5000,  29.0625,  53.8750,  14.9375,  -0.4375, -124.3125, 18336, -0.5000, 2.1250, 58.1250 
 -0.4500,  -0.2600,  10.6900, -17.5000,  29.0625,  53.8750,   1.3125,  12.8125, -131.6875, 18357, -0.5000, 2.3125, 55.6875 
 -0.2300,  -0.3100,  10.0600, -20.7500,  27.0000,  52.2500, -15.1250,  21.2500, -162.0000, 18374, -0.8750, 2.6875, 52.6875 
 -0.2500,  -0.0900,   9.6600, -20.7500,  27.0000,  52.2500,  -0.1250,  15.4375, -167.1250, 18392, -1.0625, 2.9375, 49.4375 
 -0.3800,  -0.5100,   9.6600, -20.7500,  27.0000,  52.2500,  -5.3750,   7.8750, -176.4375, 18410, -1.1875, 3.0625, 47.8125 
 -0.4600,  -0.6200,   9.6800, -24.3750,  22.5625,  51.0625,   7.9375,   7.9375, -145.6250, 18428, -1.4375, 3.1250, 44.4375 
 -0.5000,  -0.7500,  10.3800, -24.3750,  22.5625,  51.0625,  19.2500,  -1.0000, -130.7500, 18448, -1.3750, 3.1875, 41.7500 
 -0.3800,  -0.3100,  10.3600, -24.3750,  22.5625,  51.0625,  19.2500,  -2.6250, -125.6875, 18465, -1.1250, 3.0625, 39.2500 
 -0.3900,  -0.1200,   9.6500, -28.7500,  21.2500,  51.0625,   8.5000,  -4.5625, -138.3125, 18484, -1.0625, 2.9375, 36.5000 
 -0.2800,  -0.2600,   9.7500, -28.7500,  21.2500,  51.0625,   5.6250,  -0.5625, -122.0000, 18502, -1.0625, 2.8750, 34.0000 
 -0.3400,  -0.2400,   9.7200, -30.1875,  17.2500,  51.0625,   4.8125,  -7.3125, -81.3125, 18520, -1.0625, 2.8125, 33.0000 
 -0.3300,  -0.3100,  10.0400, -30.1875,  17.2500,  51.0625,  17.1250, -15.3125, -68.1250, 18539, -1.0000, 2.5625, 31.2500 
 -0.3000,  -0.1300,  10.1200, -30.1875,  17.2500,  51.0625,  18.7500,  -3.8125, -63.5625, 18558, -0.6875, 2.3125, 29.9375 
 -0.1700,  -0.0400,  10.0600, -31.2500,  14.6875,  51.5000,  21.0000,   2.7500, -66.1875, 18576, -0.3750, 2.2500, 28.4375 
 -0.1000,  -0.1200,   9.3200, -31.2500,  14.6875,  51.5000,  11.0625,   0.8125, -67.4375, 18596, -0.1250, 2.3125, 27.1250 
 -0.1500,   0.0400,   9.9200, -31.2500,  14.6875,  51.5000,  14.9375,  -7.1250, -46.5000, 18614, 0.0625, 2.2500, 26.1250 
 -0.2700,  -0.1500,   9.9200, -31.3750,  13.5625,  51.0625,  -3.8750,  -5.8750, -18.4375, 18631, 0.0625, 2.1250, 25.5625 
 -0.2900,  -0.1200,  10.1400, -31.3750,  13.5625,  51.0625,  -1.9375,  -7.4375,  -7.5625, 18650, 0.0000, 2.0000, 25.3125 
 -0.2900,   0.0700,  10.0200, -31.3750,  13.5625,  51.0625,   0.1250,  -4.7500,  -4.0625, 18667, 0.0000, 1.9375, 25.1875 
 -0.2800,   0.0000,   9.7600, -32.8750,  13.5625,  50.7500, -10.8750,   9.3125,  -1.5625, 18684, -0.1250, 2.0000, 25.0625 
 -0.2400,  -0.0900,   9.9600, -32.8750,  13.5625,  50.7500,  -2.6875,   3.2500, -16.8125, 18702, -0.2500, 2.1250, 24.8750 
 -0.1700,  -0.1800,  10.0500, -32.8750,  13.5625,  50.7500, -14.8750, -10.3125, -29.8125, 18719, -0.3125, 2.0625, 24.6250 
 -0.1500,  -0.1700,  10.1400, -32.0625,  12.1875,  50.7500, -20.0000,  -4.3125, -27.6875, 18739, -0.6250, 1.8750, 23.8125 
 -0.1200,  -0.3200,   9.8800, -32.0625,  12.1875,  50.7500, -13.5000,  -7.0000, -16.1250, 18759, -1.0625, 1.8125, 23.3125 
 -0.1600,  -0.2500,   9.8400, -33.5625,  11.7500,  52.0000,  -1.6875,  -7.0625,  -1.8125, 18777, -1.1875, 1.6875, 22.9375 
 -0.3000,  -0.1800,  10.0800, -33.5625,  11.7500,  52.0000,   8.3125,  -2.6250,   9.8750, 18795, -1.0625, 1.6250, 23.1250 
 -0.3400,  -0.1700,   9.9800, -33.5625,  11.7500,  52.0000,   6.3125,   8.4375,   9.4375, 18812, -0.9375, 1.6875, 23.3125 
 -0.2600,  -0.2900,  10.0500, -32.0625,  11.5000,  51.5000,   5.3750,  18.3125,   2.3750, 18830, -0.8750, 1.8750, 23.3125 
 -0.2800,  -0.2000,  10.0000, -32.0625,  11.5000,  51.5000,   7.8750,   9.3125,  -1.5000, 18849, -0.7500, 2.1875, 23.3125 
 -0.3100,  -0.1700,  10.1700, -32.0625,  11.5000,  51.5000,   3.1250,   6.5625,  -2.3125, 18867, -0.6250, 2.3125, 23.3125 
 -0.3500,  -0.2000,  10.0100, -33.1875,  11.5000,  50.7500,  -9.5625,   1.1250,   2.9375, 18884, -0.8125, 2.3750, 23.2500 
 -0.3100,  -0.2000,   9.8500, -33.1875,  11.5000,  50.7500,  -7.1875,  -0.6875,  10.5000, 18903, -0.9375, 2.3750, 23.3125 
 -0.3500,  -0.2300,   9.8600, -33.1875,  11.5000,  50.7500,  -3.8750,  -0.3750,   9.9375, 18920, -1.0000, 2.3750, 23.5625 
 -0.3900,  -0.2800,  10.1900, -32.8750,  11.5000,  51.0625,  -3.8750,  -0.3750,   9.9375, 18938, -1.1250, 2.3750, 23.6875 
 -0.4000,  -0.2400,   9.9000, -32.8750,  11.5000,  51.0625,   1.3125,   4.6250,  -5.5625, 18958, -1.1250, 2.5000, 23.6250 
 -0.3600,  -0.2200,   9.8700, -33.1875,  11.5000,  50.2500,   0.5625,   1.8750,  -7.0625, 18975, -1.0625, 2.5625, 23.4375 
 -0.4600,  -0.1700,  10.0400, -33.1875,  11.5000,  50.2500,  -5.4375,  -2.9375,  -6.3125, 18993, -1.1875, 2.5000, 23.3125 
 -0.3600,  -0.3100,   9.8400, -33.1875,  11.5000,  50.2500,   0.3750,   0.5625,  -6.8750, 19012, -1.2500, 2.5000, 23.2500 
 -0.3300,  -0.3100,   9.8200, -32.8750,  11.0625,  51.0625,   2.1875,  -1.7500,  -4.8125, 19030, -1.1875, 2.5000, 23.0625 
 -0.3400,  -0.4100,   9.8400, -32.8750,  11.0625,  51.0625, -12.3750, -10.3750, -12.5000, 19049, -1.4375, 2.3125, 22.8750 
 -0.3600,  -0.3400,  10.0100, -32.8750,  11.0625,  51.0625,   1.5000, -12.6875,  -8.5000, 19066, -1.4375, 2.0625, 22.6875 
 -0.2100,  -0.4300,  10.2800, -33.1875,  10.3750,  52.0000,  -1.3125,   2.1250,  -1.6875, 19084, -1.4375, 2.0000, 22.4375 
 -0.3300,  -0.2900,  10.4300, -33.1875,  10.3750,  52.0000, -23.1875,  14.5625,  -3.5625, 19102, -1.5625, 2.0625, 22.4375 
 -0.5800,   0.0200,  10.1700, -33.1875,  10.3750,  52.0000, -32.4375,   9.7500,  -6.6875, 19120, -2.1250, 2.3125, 22.3125 
 -0.4200,   0.3400,   8.6800, -33.1875,  10.6875,  52.0000,  30.5000, -25.8750,  10.8750, 19140, -2.2500, 1.9375, 22.3750 
 -0.2800,  -0.2800,  10.3600, -33.1875,  10.6875,  52.0000,  -6.5000, -14.6250,   1.1875, 19161, -1.8750, 1.4375, 22.5625 
 -0.1000,  -0.4300,  10.0200, -33.1875,  10.3750,  51.0625,  -0.2500, -12.3750,  -5.3125, 19178, -1.9375, 1.1875, 22.5625 
  0.1000,  -0.6900,  10.0700, -33.1875,  10.3750,  51.0625,  -3.7500, -19.0000,   2.8750, 19197, -1.9375, 0.8750, 22.5625 
  0.2400,  -0.9100,   9.8900, -33.1875,  10.3750,  51.0625, -24.6250, -11.4375,  10.3750, 19215, -2.3125, 0.6250, 22.7500 
  0.1400,  -0.6900,   9.3100, -32.5000,  11.5000,  51.0625,  -9.6250,  -3.5000,  11.7500, 19232, -2.5000, 0.5625, 22.8750 
  0.2100,  -0.8000,   9.9000, -32.5000,  11.5000,  51.0625,   6.8750,  -5.7500,   9.4375, 19252, -2.5625, 0.5000, 23.0625 
  0.2600,  -0.6300,   9.7600, -32.5000,  11.5000,  51.0625,   4.9375,  -3.8125,   5.6250, 19269, -2.4375, 0.3750, 23.2500 
 -0.0100,  -0.2400,  10.0900, -31.6875,  10.3750,  53.0625,  11.3750,   0.6250,   4.0625, 19288, -2.2500, 0.3750, 23.3125 
  0.1800,  -0.4500,   9.7300, -31.6875,  10.3750,  53.0625,   8.8125,  -1.6250,  -1.3750, 19306, -2.1250, 0.3750, 23.3125 
  0.1000,  -0.3300,   9.9600, -31.3750,  10.3750,  52.6875,   5.1250,   2.4375,   1.4375, 19323, -2.0000, 0.3750, 23.3125 
  0.1100,  -0.5200,  10.2200, -31.3750,  10.3750,  52.6875,   1.7500,   6.1250,   5.3125, 19343, -1.9375, 0.4375, 23.3125 
  0.1200,  -0.7200,  10.6300, -31.3750,  10.3750,  52.6875,   1.2500,   3.3750,  -1.1875, 19362, -1.9375, 0.5625, 23.4375 
  0.0200,  -0.5200,  10.2500, -31.6875,  11.0625,  52.6875,   5.8750,   5.6875,  -3.3125, 19380, -1.8750, 0.6250, 23.3750 
  0.0100,  -0.3200,  10.1100, -31.6875,  11.0625,  52.6875,   8.8125,   2.8750,  -5.5625, 19399, -1.6875, 0.6875, 23.2500 
  0.0500,  -0.3800,  10.3200, -31.6875,  11.0625,  52.6875,   4.1250,   5.3125,  -4.2500, 19417, -1.5625, 0.8125, 23.1875 
 -0.1700,  -0.1900,   9.7500, -31.3750,  12.1875,  52.2500,   2.9375,   5.2500,  -1.8750, 19434, -1.5625, 0.8125, 23.1250 
 -0.1600,  -0.1800,   9.8800, -31.3750,  12.1875,  52.2500,   6.6250,   1.7500,   0.1875, 19452, -1.4375, 0.9375, 23.1250 
 -0.1400,  -0.0800,   9.4800, -31.3750,  12.1875,  52.2500,   0.4375,   4.7500,  -2.1250, 19471, -1.3750, 1.0000, 23.1250 
 -0.1400,  -0.5100,  10.4700, -31.7500,  11.0625,  51.5000,   5.8125,   9.0000,  -0.5625, 19490, -1.3125, 1.1250, 23.0625 
 -0.3300,  -0.2400,  10.1900, -31.7500,  11.0625,  51.5000,   1.6875,   2.6875,  -1.6250, 19511, -1.2500, 1.2500, 23.0625 
 -0.3300,  -0.1800,  10.1900, -31.0625,  10.7500,  51.0625,  -0.1250,   3.6875,  -1.3125, 19528, -1.2500, 1.3125, 23.0000 
 -0.2400,  -0.2100,   9.9300, -31.0625,  10.7500,  51.0625,  -2.3750,   3.1250,   2.0000, 19546, -1.3125, 1.3750, 23.0000 
 -0.2300,  -0.2900,  10.5400, -31.0625,  10.7500,  51.0625,   8.1250,   2.7500,   2.9375, 19564, -1.2500, 1.3750, 23.0000 
 -0.2800,  -0.2200,  10.4600, -32.5000,  10.7500,  52.2500,   0.6250,   1.6875,   2.6250, 19581, -1.1875, 1.4375, 23.0000 
 -0.3900,  -0.0900,  10.3600, -32.5000,  10.7500,  52.2500,   3.1875,  -1.8125,   4.7500, 19602, -1.2500, 1.5000, 23.0625 
 -0.1800,  -0.2600,  10.3500, -32.5000,  10.7500,  52.2500,  -1.3125,  -6.2500,   5.2500, 19619, -1.2500, 1.3750, 23.1250 
 -0.0900,  -0.1200,   9.3900, -32.0625,  11.7500,  52.0000,  -3.3125,  -5.3750,   2.8125, 19637, -1.3750, 1.3125, 23.1875 
  0.2100,  -0.5000,   9.7500, -32.0625,  11.7500,  52.0000,   2.8125,  -1.1875,   1.1875, 19655, -1.3125, 1.2500, 23.2500 
  0.1800,  -0.4400,   9.3700, -32.0625,  11.7500,  52.0000,  -2.3750,   1.3750,   0.1250, 19673, -1.3125, 1.2500, 23.2500 
  0.1200,  -0.6400,  10.1300, -31.6875,  12.1875,  51.0625,   1.6250,   4.5625,  -3.3125, 19692, -1.3125, 1.3125, 23.2500 
 -0.1000,  -0.2700,   9.4600, -31.6875,  12.1875,  51.0625,   1.6250,   5.5625,  -2.0000, 19713, -1.3125, 1.3750, 23.1875 
 -0.2700,  -0.2100,   9.7000, -32.0625,  11.5000,  52.2500,   6.6875,   6.6250,   0.4375, 19730, -1.2500, 1.5000, 23.1250 
 -0.3600,  -0.2200,   9.8000, -32.0625,  11.5000,  52.2500,   1.9375,   6.2500,   1.6250, 19749, -1.1250, 1.6250, 23.1875 
 -0.3400,  -0.2200,   9.7900, -32.0625,  11.5000,  52.2500,   7.4375,   6.2500,  -4.0000, 19767, -1.0625, 1.6875, 23.1250 
 -0.3500,  -0.2800,  10.1800, -32.8750,  11.5000,  50.3750,   4.3750,   5.3125,  -2.9375, 19784, -1.0000, 1.7500, 23.0000 
 -0.4000,  -0.2600,  10.1200, -32.8750,  11.5000,  50.3750,   1.1250,   2.7500,  -2.9375, 19804, -0.9375, 1.8750, 23.0000 
 -0.4900,  -0.0600,   9.8600, -32.8750,  11.5000,  50.3750,   1.8125,   3.4375,  -2.1875, 19821, -0.9375, 1.9375, 22.9375 
 -0.4600,  -0.2400,  10.1800, -32.0625,  11.7500,  50.7500,  -4.8750,   1.8125,  -1.4375, 19838, -1.0000, 2.0000, 22.8750 
 -0.4600,   0.1300,   9.6400, -32.0625,  11.7500,  50.7500,   3.0000,  -1.8750,   0.2500, 19856, -1.0000, 1.9375, 22.8750 
 -0.3500,  -0.0900,   9.9600, -32.0625,  11.7500,  50.7500,  -3.4375,  -1.9375,   1.5625, 19873, -0.9375, 1.9375, 22.8750 
 -0.2300,  -0.2600,   9.7300, -32.8750,  11.7500,  51.5625,   3.6875,   0.0625,   2.3750, 19893, -1.0000, 1.9375, 22.9375 
 -0.2700,  -0.3500,  10.2200, -32.8750,  11.7500,  51.5625,  -0.9375,  -1.7500,  -0.5625, 19913, -0.9375, 1.9375, 22.9375 
 -0.2300,  -0.2300,   9.8200, -33.1875,  11.0625,  52.7500,  -3.0625,  -1.8750,  -0.8125, 19931, -1.0000, 1.8750, 22.8750 
 -0.1600,  -0.2500,   9.8900, -33.1875,  11.0625,  52.7500,  -5.0625,   1.0625,   0.1250, 19950, -1.0625, 1.8750, 22.8750 
 -0.2700,  -0.1700,   9.9900, -33.1875,  11.0625,  52.7500,  -5.5000,   1.7500,   0.5625, 19968, -1.1875, 1.9375, 22.8750 
 -0.3600,  -0.0900,  10.2300, -33.8750,  12.1875,  52.0000,   3.1875,   0.6250,   1.0000, 19985, -1.1875, 1.9375, 22.8750 
 -0.3400,  -0.2000,  10.4900, -33.8750,  12.1875,  52.0000,  -0.6250,  -2.6250,   0.0625, 20004, -1.1875, 1.9375, 22.8750 
 -0.2500,  -0.1400,  10.2600, -33.8750,  12.1875,  52.0000,  -3.3750,  -3.4375,   0.9375, 20022, -1.1875, 1.8750, 22.8750 
 -0.1200,  -0.2800,  10.0100, -33.5625,  12.5625,  53.5000,  -4.0625,  -2.6250,   1.1875, 20041, -1.3125, 1.7500, 22.9375 
  0.0200,  -0.3200,  10.0500, -33.5625,  12.5625,  53.5000,  -0.5000,  -2.5000,  -0.0625, 20062, -1.3125, 1.6875, 22.9375 
 -0.0000,  -0.2800,   9.9700, -33.5625,  11.7500,  53.5000,  -0.7500,  -2.9375,  -1.5000, 20079, -1.3125, 1.6875, 22.9375 
 -0.0300,  -0.2600,  10.0300, -33.5625,  11.7500,  53.5000,   4.6875,   1.7500,  -1.1875, 20097, -1.2500, 1.6875, 22.8750 
 -0.1000,  -0.2900,  10.0600, -33.5625,  11.7500,  53.5000,  -7.0000,   4.0000,  -1.1875, 20116, -1.2500, 1.6875, 22.8750 
 -0.3000,  -0.0100,   9.8200, -33.5625,  11.7500,  53.8750,  -4.6875,   4.0625,  -1.0625, 20133, -1.3750, 1.7500, 22.8125 
 -0.2400,  -0.2600,  10.0700, -33.5625,  11.7500,  53.8750,   0.1875,   3.1875,   0.1250, 20153, -1.3750, 1.8125, 22.8125 
 -0.3300,  -0.3100,  10.4000, -33.5625,  11.7500,  53.8750,   1.6875,   3.6875,  -1.0625, 20170, -1.3750, 1.8750, 22.8125 
 -0.3900,  -0.2800,  10.4300, -33.5625,  12.1875,  53.5000,  -1.0625,   0.8125,  -2.4375, 20189, -1.3750, 1.8750, 22.7500 
 -0.2000,  -0.2700,   9.5800, -33.5625,  12.1875,  53.5000,  -4.4375,  -0.9375,  -2.7500, 20207, -1.3750, 1.8750, 22.7500 
 -0.1200,  -0.3600,   9.7400, -33.5625,  12.1875,  53.5000,  -0.6250,   2.8750,  -0.8750, 20225, -1.4375, 1.8750, 22.6875 
 -0.2400, 