=~=~=~=~=~=~=~=~=~=~=~= PuTTY log 2025.05.01 17:57:38 =~=~=~=~=~=~=~=~=~=~=~=
  0.1875,   0.2500, 39448, -15.8750, 79.1875, 8.1250 
 
 -9.2100,  -2.7400,   1.7700, -57.0000, -17.6875,  -5.5625,   0.1875,   0.1875,   0.2500, 39448, -15.8750, 79.1875, 8.1250 
 
 -9.2100,  -2.7400,   1.7700, -57.0000, -17.6875,  -5.5625,   0.1875,   0.1875,   0.2500, 39448, -15.8750, 79.1875, 8.1250 
Calibration Levels - System: 0, Gyro: 0, Accel: 0, Mag: 0
Calibration Levels - System: 0, Gyro: 0, Accel: 0, Mag: 0
Calibration Levels - System: 2, Gyro: 0, Accel: 0, Mag: 1
Calibration Levels - System: 1, Gyro: 0, Accel: 0, Mag: 1
Calibration Levels - System: 0, Gyro: 0, Accel: 0, Mag: 1
Calibration Levels - System: 1, Gyro: 0, Accel: 0, Mag: 2
Calibration Levels - System: 2, Gyro: 0, Accel: 0, Mag: 2
Calibration Levels - System: 2, Gyro: 0, Accel: 0, Mag: 2
Calibration Levels - System: 2, Gyro: 0, Accel: 1, Mag: 2
Calibration Levels - System: 2, Gyro: 3, Accel: 1, Mag: 2
READING-----------------
  0.4100,  -1.0800,   9.7300, -29.6875,   8.1875,  49.3750,  -1.3125,   5.5625,  -7.1250, 8472, -6.5625, -3.8125, 1.2500 
  0.4100,  -1.0700,   9.8300, -29.6875,   8.1875,  49.3750,  -2.0625,   6.8750,  -9.0625, 8491, -6.5625, -3.7500, 1.1250 
  0.3300,  -0.9500,   9.5700, -29.6875,   8.1875,  49.3750,  -1.3125,   6.3125,  -5.3125, 8511, -6.6250, -3.5625, 0.9375 
  0.2800,  -1.1200,   9.7500, -29.6875,   7.7500,  49.3750,  -1.8750,   3.2500,  -1.3750, 8528, -6.6250, -3.5000, 0.8750 
  0.3500,  -1.0200,   9.6000, -29.6875,   7.7500,  49.3750,   2.2500,   0.7500,  -3.2500, 8548, -6.6250, -3.4375, 0.7500 
  0.3100,  -1.0700,   9.6000, -29.6875,   7.7500,  49.3750,   0.9375,   2.5625,   0.8750, 8564, -6.5625, -3.3750, 0.7500 
  0.2800,  -1.1000,   9.6500, -29.6875,   7.7500,  48.5625,  10.5625,  -2.8750,   0.0000, 8582, -6.5000, -3.3750, 0.8125 
  0.3100,  -1.1200,   9.5700, -29.6875,   7.7500,  48.5625,   9.5625,  -4.5000,   1.8125, 8601, -6.3125, -3.4375, 0.8125 
  0.2500,  -0.9700,   9.6200, -29.6875,   7.7500,  48.5625,   8.7500,  -3.8750,   1.6250, 8619, -6.1250, -3.5000, 0.8750 
  0.3100,  -1.0800,   9.5900, -30.3750,   8.1875,  49.3750,  -0.6875,  -4.9375,   2.0625, 8636, -6.1250, -3.5625, 0.8750 
  0.2800,  -1.0800,   9.4700, -30.3750,   8.1875,  49.3750,  -7.6875,  -4.3750,  -0.2500, 8653, -6.2500, -3.5625, 0.9375 
  0.3600,  -1.0300,   9.3200, -30.3750,   8.1875,  49.3750,  -4.7500,  -4.3125,  -0.6250, 8671, -6.3125, -3.6250, 0.8750 
  0.3600,  -1.0100,   9.5300, -29.6875,   8.1875,  50.5625,  -7.5000,  -4.4375,   0.5625, 8690, -6.3750, -3.6875, 0.8750 
  0.4300,  -1.0000,   9.6800, -29.6875,   8.1875,  50.5625,  -7.9375,  -4.2500,  -0.2500, 8710, -6.5625, -3.7500, 0.8750 
  0.4400,  -1.0300,   9.6100, -29.2500,   7.3750,  48.5625, -12.8125,  -4.4375,  -3.6250, 8727, -6.7500, -3.8125, 0.8750 
  0.5300,  -1.1600,   9.7500, -29.2500,   7.3750,  48.5625, -19.0625,  -0.3125,  -6.3125, 8745, -7.0625, -3.8750, 0.7500 
 -0.1300,  -1.4100,   9.9600, -29.2500,   7.3750,  48.5625, -15.3125,  14.0625,  26.5000, 8763, -7.2500, -3.8125, 0.6875 
  0.2800,  -1.2100,   9.4800, -29.2500,   7.3750,  50.1875,  -1.5000,  -0.8125,  19.0625, 8780, -7.5000, -3.5625, 1.1875 
  0.2300,  -1.2500,   9.3000, -29.2500,   7.3750,  50.1875,  -2.6875,  -6.7500,  27.5625, 8801, -7.5625, -3.5625, 1.6250 
  0.2500,  -1.2900,   9.4800, -29.2500,   7.3750,  50.1875,  -0.1250,  -6.6250,  26.4375, 8818, -7.6250, -3.6250, 2.1250 
  0.0300,  -1.2600,   9.3200, -29.6875,   6.6875,  49.7500,  -2.8750,   1.1250,  19.9375, 8838, -7.6875, -3.5625, 2.5625 
  0.0100,  -1.1300,   9.3700, -29.6875,   6.6875,  49.7500,  -2.1250,   4.6875,  -0.3125, 8854, -7.6875, -3.5000, 2.6250 
  0.3200,  -1.0400,   9.3200, -29.2500,   7.7500,  49.3750,  -6.7500,  -0.4375, -23.2500, 8872, -7.7500, -3.4375, 2.5000 
  0.4700,  -1.2600,   9.5800, -29.2500,   7.7500,  49.3750,  -1.0000,  -3.5625, -20.4375, 8892, -7.8125, -3.5000, 2.0625 
  0.4500,  -1.3500,   9.8900, -29.2500,   7.7500,  49.3750,   1.0625,  -2.5625,  -9.6250, 8911, -7.8125, -3.6250, 1.7500 
  0.5200,  -1.4200,   9.7500, -29.2500,   7.3750,  49.6875,   4.0625,  -3.6250,  -7.3125, 8929, -7.7500, -3.6875, 1.5625 
  0.4500,  -1.4000,   9.7300, -29.2500,   7.3750,  49.6875,   8.0625,  -3.3750,  -3.0000, 8947, -7.5625, -3.8125, 1.5000 
  0.5800,  -1.1600,   9.7800, -29.2500,   7.3750,  49.6875,   8.8125,  -4.7500,  -3.3125, 8965, -7.4375, -3.8750, 1.4375 
  0.4000,  -1.1400,   9.5900, -29.2500,   6.6875,  50.1875,   7.5000,  -2.1875,   2.6875, 8982, -7.3125, -3.8750, 1.4375 
  0.5400,  -1.0800,   9.4400, -29.2500,   6.6875,  50.1875,   2.5000,  -0.5000,   1.1875, 9001, -7.1875, -3.9375, 1.5000 
  0.4800,  -1.1500,   9.5600, -29.2500,   6.6875,  50.1875,   1.1875,   0.1250,   2.8125, 9019, -7.1875, -3.9375, 1.5625 
  0.4200,  -1.1700,   9.6600, -29.2500,   7.0625,  50.1875,   6.6875,  -2.0625,   3.0000, 9036, -7.0625, -3.9375, 1.6250 
  0.4100,  -1.0900,   9.6700, -29.2500,   7.0625,  50.1875,  11.5625,  -4.1250,   3.1250, 9055, -7.0000, -3.9375, 1.6250 
  0.4200,  -1.1100,   9.6700, -29.2500,   7.0625,  50.1875,   5.5000,  -3.2500,   1.7500, 9072, -6.7500, -4.0000, 1.6875 
  0.3300,  -1.1500,   9.6000, -28.5625,   8.1875,  49.0000,   3.2500,  -2.6250,   1.2500, 9092, -6.6875, -4.0000, 1.7500 
  0.3500,  -1.1100,   9.5400, -28.5625,   8.1875,  49.0000,   3.8125,  -1.8750,   1.1250, 9111, -6.6250, -4.0625, 1.7500 
  0.4700,  -1.0600,   9.5900, -29.2500,   7.3750,  50.5625,   9.8750,  -3.0000,  -1.0625, 9128, -6.5000, -4.0625, 1.8125 
  0.5200,  -1.0400,   9.9000, -29.2500,   7.3750,  50.5625,   9.2500,  -3.2500,  -2.5000, 9147, -6.3125, -4.1250, 1.7500 
  0.4900,  -0.9500,   9.7500, -29.2500,   7.3750,  50.5625,   5.3750,   1.5625,  -3.1250, 9164, -6.2500, -4.1250, 1.7500 
  0.5600,  -1.0100,   9.8600, -28.8750,   8.8750,  49.7500,  13.3750,   0.6875,  -3.5000, 9182, -6.0625, -4.0625, 1.6875 
  0.6300,  -0.8800,   9.8100, -28.8750,   8.8750,  49.7500,  10.4375,  -0.8125,  -0.3750, 9202, -5.8125, -4.0625, 1.6250 
  0.6500,  -0.9000,   9.6700, -28.8750,   8.8750,  49.7500,   5.3750,  -0.6875,   0.5625, 9220, -5.6250, -4.1250, 1.6250 
  0.6300,  -0.8900,   9.6800, -28.5625,   9.1875,  49.3750,   2.1875,   2.5000,   3.6250, 9237, -5.6250, -4.0625, 1.6875 
  0.5200,  -0.9600,   9.8200, -28.5625,   9.1875,  49.3750,   5.1875,   4.1875,   6.0000, 9254, -5.5625, -4.0000, 1.7500 
  0.5300,  -0.9100,   9.8900, -28.5625,   9.1875,  49.3750,   5.6875,   4.8750,   7.5000, 9272, -5.5000, -3.9375, 1.8750 
  0.5300,  -0.8900,   9.6400, -28.8750,   8.1875,  48.1875,   6.3750,   4.3125,  11.5625, 9291, -5.3750, -3.8125, 2.0625 
  0.4500,  -0.7200,   9.7500, -28.8750,   8.1875,  48.1875,  17.2500,  -2.1875,  11.8125, 9311, -5.1250, -3.7500, 2.3125 
  0.4800,  -0.7900,  10.0900, -28.5625,   9.1875,  49.3750,   9.1875,  -0.3125,   4.1875, 9328, -4.8750, -3.7500, 2.4375 
  0.5400,  -0.8300,   9.7200, -28.5625,   9.1875,  49.3750,  -5.7500,   5.4375,  -3.0625, 9346, -4.9375, -3.6875, 2.3750 
  0.5400,  -0.8000,   9.6500, -28.5625,   9.1875,  49.3750,   6.5625,   0.8750,  -2.3750, 9364, -4.9375, -3.6250, 2.3750 
  0.4500,  -0.7200,  10.0300, -29.6875,  10.3750,  48.5625,   7.4375,   0.0625,  -1.1875, 9381, -4.8125, -3.6250, 2.3125 
  0.4700,  -0.6500,   9.9000, -29.6875,  10.3750,  48.5625,   0.8750,   2.8750,  -3.6250, 9402, -4.7500, -3.5625, 2.3125 
  0.3600,  -0.8000,   9.6400, -29.6875,  10.3750,  48.5625, -10.8750,   5.9375,  -5.1875, 9419, -4.8750, -3.5000, 2.1875 
  0.4000,  -0.7700,   9.7700, -29.6875,  10.0000,  48.1875,  -4.2500,   1.3125,  -4.0625, 9436, -5.0000, -3.3750, 2.0625 
  0.3800,  -0.8300,   9.6700, -29.6875,  10.0000,  48.1875,  -2.1250,  -4.6250,  -2.4375, 9454, -5.0000, -3.4375, 2.0625 
  0.3300,  -0.8400,   9.7200, -29.6875,  10.0000,  48.1875,  -3.3750,  -5.7500,  -0.3125, 9473, -5.0625, -3.5000, 2.0000 
  0.3400,  -0.9500,   9.7700, -29.6875,  10.0000,  49.3750,  -8.8750,  -4.2500,  -1.0000, 9491, -5.1875, -3.5625, 2.0000 
  0.3800,  -0.9600,   9.8500, -29.6875,  10.0000,  49.3750,  -5.7500,   2.0000,   2.0625, 9510, -5.3125, -3.5625, 2.0625 
  0.3400,  -0.8900,   9.6500, -28.5625,  10.0000,  50.1875,  -8.2500,   7.1875,   2.7500, 9527, -5.5000, -3.4375, 2.0625 
  0.3200,  -0.9400,   9.6600, -28.5625,  10.0000,  50.1875,  -6.8750,   4.1250,   4.7500, 9545, -5.5625, -3.3750, 2.1250 
  0.2100,  -0.9400,   9.8300, -28.5625,  10.0000,  50.1875,  -7.2500,   4.7500,   6.4375, 9565, -5.6875, -3.2500, 2.1875 
  0.2500,  -0.9700,   9.5800, -29.2500,   8.8750,  49.0000,  -8.4375,   4.0000,   5.0000, 9582, -5.8125, -3.1250, 2.3125 
  0.3800,  -0.9700,   9.5600, -29.2500,   8.8750,  49.0000,  -0.8750,  -0.3750,   4.0000, 9602, -5.8750, -3.0625, 2.3750 
  0.3700,  -0.9100,   9.7000, -29.2500,   8.8750,  49.0000,   2.2500,  -3.1875,   6.5000, 9619, -5.8750, -3.1250, 2.5000 
  0.4100,  -0.9900,   9.8900, -29.6875,   9.5625,  49.0000,   2.4375,  -6.3125,   4.9375, 9636, -5.8125, -3.1875, 2.6250 
  0.4200,  -0.9800,   9.8400, -29.6875,   9.5625,  49.0000,  -2.6250,  -3.8750,   5.2500, 9655, -5.8125, -3.2500, 2.6875 
  0.4400,  -0.9600,   9.9200, -29.6875,   9.5625,  49.0000,   0.4375,  -3.0625,   7.0625, 9672, -5.8750, -3.3125, 2.8125 
  0.4400,  -1.0200,   9.8600, -29.2500,   9.1875,  48.5625,  -0.3750,  -1.7500,   6.8750, 9691, -5.8750, -3.3125, 2.9375 
  0.5000,  -1.0400,   9.8300, -29.2500,   9.1875,  48.5625,   3.3125,  -3.8125,   7.6250, 9709, -5.8125, -3.3750, 3.0625 
  0.5400,  -0.8500,   9.8800, -28.5625,  10.6875,  49.3750,   8.1875,  -7.7500,  10.1875, 9726, -5.6875, -3.5000, 3.2500 
  0.5500,  -0.9100,   9.7900, -28.5625,  10.6875,  49.3750,  10.0625,  -4.0000,   9.9375, 9745, -5.6250, -3.5000, 3.3750 
  0.6200,  -0.8700,   9.8100, -28.5625,  10.6875,  49.3750,   3.1875,  -2.8750,   6.3125, 9764, -5.4375, -3.5625, 3.5625 
  0.6000,  -0.8700,  10.0100, -28.1875,  10.0000,  49.7500,   1.1875,  -1.1875,   3.8750, 9782, -5.4375, -3.6250, 3.6875 
  0.5200,  -0.8400,   9.8000, -28.1875,  10.0000,  49.7500,  -5.8750,   2.9375,   0.5000, 9801, -5.5000, -3.5625, 3.6875 
  0.5300,  -0.9100,   9.9200, -28.1875,  10.0000,  49.7500,  -0.1250,   4.6250,  -0.5000, 9819, -5.5000, -3.5000, 3.6875 
  0.5200,  -0.9200,   9.8600, -28.8750,  10.6875,  49.7500,  -0.5000,   8.2500,   0.2500, 9836, -5.5000, -3.4375, 3.6875 
  0.5000,  -0.9900,   9.8900, -28.8750,  10.6875,  49.7500,  -2.5000,   9.7500,   2.4375, 9856, -5.5000, -3.2500, 3.6875 
  0.4600,  -0.9500,   9.9400, -28.8750,  10.6875,  49.7500,  -4.4375,  10.9375,   3.0625, 9873, -5.5625, -3.0625, 3.7500 
  0.3600,  -0.9200,   9.8700, -28.5625,  10.3750,  48.5625,  -3.4375,  16.4375,   3.0000, 9890, -5.6875, -2.7500, 3.7500 
  0.1800,  -0.9200,   9.7500, -28.5625,  10.3750,  48.5625,  -4.6250,  21.1250,   0.9375, 9908, -5.7500, -2.3750, 3.7500 
  0.2200,  -0.8700,   9.8700, -28.8750,  10.6875,  49.3750,   1.6875,  21.8750,   0.0625, 9925, -5.7500, -2.1250, 3.7500 
  0.1300,  -0.8400,   9.7100, -28.8750,  10.6875,  49.3750,   0.8750,  27.8750,  -2.0625, 9944, -5.7500, -1.6875, 3.7500 
  0.0900,  -0.9300,   9.6400, -28.8750,  10.6875,  49.3750,  -2.5625,  30.0625,  -2.5625, 9964, -5.7500, -1.1250, 3.6875 
 -0.1700,  -1.1600,  10.0000, -30.3750,  10.3750,  48.5625, -11.3125,  39.6250,  -2.5625, 9981, -5.9375, -0.3750, 3.5625 
 -0.2900,  -0.9400,  10.0300, -30.3750,  10.3750,  48.5625, -17.0000,  58.8125,  -6.4375, 10000, -6.2500, 0.5000, 3.4375 
 -0.7500,  -1.1000,   9.4900, -30.3750,  10.3750,  48.5625,  -5.5625, 156.0000, -12.9375, 10017, -6.4375, 3.0000, 3.0625 
 -1.4700,  -1.4700,   9.7200, -32.5625,   9.1875,  47.3750,   1.7500, 190.8125,  -6.0000, 10035, -6.4375, 4.6250, 2.8125 
 -0.8200,  -1.6100,  10.1000, -32.5625,   9.1875,  47.3750,  -3.6250, 210.4375,  -9.3750, 10055, -6.5000, 8.4375, 2.5000 
 -2.1200,  -1.0300,   9.2800, -32.5625,   9.1875,  47.3750, -10.3125, 180.0625, -10.3750, 10073, -6.6875, 12.1875, 2.0625 
 -2.4600,  -0.7500,   8.5900, -39.5000,   8.8750,  42.2500,  14.8125, 171.0000,   0.3125, 10092, -6.5625, 15.5000, 1.8750 
 -3.2800,  -0.9800,   9.0700, -39.5000,   8.8750,  42.2500,  10.1875, 158.5000,  -1.5625, 10110, -6.3750, 18.5625, 1.6250 
 -3.6400,  -0.9100,   8.7500, -47.5000,   8.5000,  35.2500,   6.0000, 146.0000,  -1.1250, 10128, -6.3125, 20.0625, 1.5000 
 -4.2400,  -1.1700,   8.9000, -47.5000,   8.5000,  35.2500,   9.6875, 153.5000,   4.3750, 10146, -6.1875, 22.8750, 1.3125 
 -4.6600,  -1.1900,   8.6800, -47.5000,   8.5000,  35.2500,  -5.8750, 162.3750,   7.0000, 10167, -6.0625, 25.9375, 1.1875 
 -5.0800,  -1.0100,   7.9300, -54.0000,   8.5625,  28.2500,  -7.8125, 159.5625,   9.0625, 10184, -6.1250, 29.0625, 1.2500 
 -5.4200,  -1.0000,   8.0800, -54.0000,   8.5625,  28.2500, -13.5625, 152.3750,   6.8750, 10205, -6.1875, 32.1250, 1.2500 
 -5.8800,  -1.0300,   8.0100, -54.0000,   8.5625,  28.2500, -15.9375, 136.9375,   6.1250, 10222, -6.3750, 34.8750, 1.3125 
 -6.1300,  -1.0400,   7.9300, -58.7500,   8.7500,  21.0625,  -9.6875, 105.8750,   3.5000, 10241, -6.5625, 37.1250, 1.3125 
 -6.2500,  -1.0200,   7.6300, -58.7500,   8.7500,  21.0625,  -4.1250,  65.6250,   3.5625, 10258, -6.5625, 38.0000, 1.3125 
 -6.3100,  -0.9400,   7.6700, -58.7500,   8.7500,  21.0625,  -5.0000,  28.0625,  -0.4375, 10275, -6.6250, 39.1250, 1.3750 
 -6.2900,  -1.0400,   7.5300, -63.2500,   9.7500,  15.5625,  -0.6875,   0.1250,   4.8125, 10296, -6.6875, 39.5000, 1.3750 
 -6.3300,  -1.0600,   7.5300, -63.2500,   9.7500,  15.5625,  -0.7500, -10.8125,   4.2500, 10316, -6.6250, 39.4375, 1.5000 
 -6.4400,  -1.1300,   7.6900, -63.5625,  10.0000,  14.3750,   0.7500, -15.0625,   2.6250, 10333, -6.5625, 39.2500, 1.5625 
 -6.1200,  -0.9700,   7.6200, -63.5625,  10.0000,  14.3750,   1.7500, -35.7500,  -0.0625, 10352, -6.5625, 38.6250, 1.5625 
 -5.9800,  -1.0000,   7.7500, -63.5625,  10.0000,  14.3750,   6.8750, -65.6875,   3.4375, 10369, -6.4375, 37.5625, 1.6875 
 -5.8800,  -1.0700,   7.9300, -63.5000,   9.7500,  16.6875,   9.3750, -95.4375,   6.5000, 10387, -6.3125, 36.7500, 1.7500 
 -5.6600,  -1.1300,   8.0800, -63.5000,   9.7500,  16.6875,  17.0000, -133.1250,   5.1875, 10406, -6.0625, 34.7500, 1.8750 
 -5.0200,  -0.8900,   8.2500, -63.5000,   9.7500,  16.6875,  10.0625, -145.6250,   2.8125, 10424, -5.8125, 32.0000, 2.0625 
 -4.4100,  -0.7100,   8.1600, -61.1875,  10.5000,  19.5000,   0.1875, -166.5000,   0.6875, 10444, -5.8125, 28.9375, 2.2500 
 -3.5400,  -1.0400,   8.8900, -61.1875,  10.5000,  19.5000,   7.3125, -186.1250,   3.8125, 10465, -5.6875, 25.3750, 2.4375 
 -3.7100,  -0.5700,   9.3800, -56.5625,  10.5000,  27.8750,  13.6250, -216.0000,   6.6875, 10482, -5.4375, 21.3125, 2.6875 
 -2.4700,  -0.9900,   9.4100, -56.5625,  10.5000,  27.8750, -10.1250, -249.3125,  13.6875, 10501, -5.5000, 16.6250, 3.1875 
 -1.8300,  -1.1200,   9.8900, -56.5625,  10.5000,  27.8750, -23.6875, -256.6875,   9.0625, 10519, -5.6250, 14.1875, 3.4375 
 -1.5200,  -1.2300,  10.0400, -49.2500,  11.2500,  38.0625, -13.2500, -243.6250,   3.9375, 10536, -6.0000, 9.3125, 3.8750 
 -0.5000,  -1.1600,   9.7500, -49.2500,  11.2500,  38.0625, -15.4375, -251.0625,  -3.1250, 10557, -6.2500, 4.6250, 4.1875 
  0.1900,  -1.1200,   9.7700, -49.2500,  11.2500,  38.0625, -11.2500, -258.3125,  -0.9375, 10574, -6.5000, -0.2500, 4.4375 
  1.0000,  -0.8800,   9.4200, -37.0000,  10.8750,  47.1875,   3.0625, -247.3750,   3.5000, 10594, -6.5000, -5.1250, 4.7500 
  1.7200,  -0.5900,   8.8200, -37.0000,  10.8750,  47.1875,  19.6250, -234.5000,   7.7500, 10613, -6.2500, -9.6250, 5.1875 
  2.6000,  -0.9500,   9.4000, -24.0000,  11.0625,  53.3750,  19.5000, -246.7500,   0.0000, 10631, -5.9375, -14.3125, 5.5000 
  3.3700,  -0.8400,   9.2500, -24.0000,  11.0625,  53.3750,  31.1250, -240.3750,  -8.6250, 10649, -5.6875, -16.6250, 5.6250 
  4.0400,  -0.9300,   9.6700, -24.0000,  11.0625,  53.3750,   6.1875, -211.7500,  -1.4375, 10669, -5.1250, -21.1875, 5.7500 
  4.1100,  -0.8300,   9.3100, -11.3750,  12.3750,  58.5000,  -8.7500, -189.5625,   2.5000, 10686, -5.1875, -25.0625, 5.9375 
  4.5600,  -0.6500,   8.5100, -11.3750,  12.3750,  58.5000,  -2.8125, -145.7500,   2.0625, 10706, -5.3125, -28.3125, 6.0625 
  4.7300,  -0.7300,   8.3600, -11.3750,  12.3750,  58.5000,  -2.1250, -114.5000,   7.2500, 10724, -5.3750, -30.8125, 6.3125 
  5.1600,  -0.8300,   8.1800,   0.0625,  13.0625,  59.2500,  -4.4375, -70.1875,   2.0625, 10743, -5.5000, -32.1875, 6.3750 
  5.3400,  -0.9000,   8.1100,   0.0625,  13.0625,  59.2500,  -8.1875, -44.9375,  -1.5625, 10763, -5.6250, -33.1875, 6.3750 
  5.4900,  -1.0100,   8.1900,   5.5000,  13.3750,  59.7500, -19.5625, -15.3750,  -4.9375, 10780, -5.8125, -33.6875, 6.2500 
  5.7100,  -1.0400,   8.5300,   5.5000,  13.3750,  59.7500, -23.5000,  -4.8750,  -1.3125, 10799, -5.9375, -33.8750, 6.1250 
  5.5500,  -1.0900,   8.4000,   5.5000,  13.3750,  59.7500, -11.9375,  21.0000,   0.3750, 10818, -6.3750, -33.7500, 6.0000 
  5.3500,  -0.6000,   7.9000,   7.2500,  11.7500,  60.5000,  -8.8125,  28.3750,  -1.2500, 10835, -6.5000, -33.2500, 5.9375 
  5.3500,  -1.2400,   8.4800,   7.2500,  11.7500,  60.5000,  -4.6250,  40.5625,  -3.6875, 10857, -6.6250, -32.6250, 5.7500 
  4.9900,  -1.0200,   8.3000,   7.2500,  11.7500,  60.5000,   4.3125,  39.0625,  -7.0625, 10874, -6.5000, -31.8750, 5.6250 
  5.0900,  -1.0100,   8.5800,   6.0625,  11.1875,  59.8750,  16.2500,  52.8125, -10.5000, 10893, -6.1875, -30.9375, 5.4375 
  4.8800,  -0.4500,   8.5600,   6.0625,  11.1875,  59.8750,  30.8750,  69.6250, -12.8125, 10910, -5.5625, -29.7500, 5.3125 
  4.6300,  -0.6300,   8.4900,   6.0625,  11.1875,  59.8750,  32.1250, 107.2500,  -9.9375, 10928, -5.1875, -28.8125, 5.1875 
  4.3300,  -0.8500,   8.6900,   3.2500,  11.8750,  60.3750,  37.6250, 110.3750,  -1.3750, 10948, -4.5625, -26.7500, 5.1250 
  4.0000,  -0.5700,   8.5300,   3.2500,  11.8750,  60.3750,  50.7500, 122.0000,  -6.3125, 10969, -3.8125, -24.5000, 5.1250 
  3.6100,  -0.3900,   8.5200,  -1.7500,  14.7500,  61.2500,  47.3125, 131.6875,  -8.6250, 10986, -2.8750, -22.0625, 5.1250 
  3.4300,  -0.6700,   9.1200,  -1.7500,  14.7500,  61.2500,   1.5625, 125.5000, -12.9375, 11005, -2.5000, -19.5625, 4.8750 
  2.9300,  -0.2300,  10.2900,  -1.7500,  14.7500,  61.2500,  -9.9375, 134.1875, -13.6875, 11023, -2.6250, -17.0625, 4.5625 
  2.5300,  -0.2500,  10.2200,  -8.5625,  15.5000,  59.6875,   7.8750, 192.1250, -23.1250, 11040, -2.4375, -13.6875, 4.0625 
  1.8200,  -0.3600,  10.0000,  -8.5625,  15.5000,  59.6875,   2.9375, 272.0000, -20.5625, 11060, -2.3750, -11.4375, 3.8125 
  1.0100,  -0.4400,   9.5200,  -8.5625,  15.5000,  59.6875, -10.1250, 275.3125, -19.0000, 11077, -2.3750, -6.1875, 3.3125 
  0.0600,  -0.3700,   9.8200, -16.2500,  16.7500,  57.3750, -14.0625, 252.1250, -16.0000, 11098, -2.5000, -1.1250, 2.8750 
 -0.5900,  -0.3900,   9.2300, -16.2500,  16.7500,  57.3750, -20.8750, 219.8125, -13.3750, 11118, -2.8125, 3.4375, 2.5000 
 -1.4600,  -0.4400,   9.6400, -29.6875,  14.8750,  52.5625, -26.8750, 218.3750, -15.8750, 11136, -3.3125, 7.6875, 2.1250 
 -2.1800,  -0.6100,   9.7900, -29.6875,  14.8750,  52.5625, -18.3750, 235.0625, -11.2500, 11154, -3.7500, 12.0625, 1.7500 
 -3.0200,  -0.8200,   9.3300, -29.6875,  14.8750,  52.5625, -21.0000, 237.3750, -11.3125, 11171, -4.1875, 16.6875, 1.4375 
 -3.2800,  -0.7600,   9.0500, -40.6875,  13.3750,  44.3750, -20.1250, 223.3125,  -3.9375, 11190, -4.4375, 18.9375, 1.3125 
 -3.8900,  -0.7400,   8.9000, -40.6875,  13.3750,  44.3750, -23.9375, 220.3750,  -8.3125, 11209, -4.8750, 23.1875, 1.1250 
 -4.5300,  -0.9500,   8.6200, -40.6875,  13.3750,  44.3750, -25.1250, 222.6250, -11.8125, 11227, -5.3750, 27.5000, 0.8125 
 -5.0500,  -1.0600,   8.2700, -50.5000,  12.5625,  35.7500, -21.3750, 214.2500,  -6.5000, 11247, -5.8125, 31.6875, 0.5625 
 -5.6100,  -0.8300,   7.7800, -50.5000,  12.5625,  35.7500, -21.3125, 171.3750,  -7.2500, 11268, -6.2500, 35.2500, 0.3125 
 -6.1900,  -1.1200,   7.7000, -59.0000,  11.1875,  26.0625, -23.1875, 156.8125,  -7.5000, 11285, -6.6875, 38.3750, 0.1250 
 -6.7300,  -1.2400,   7.2700, -59.0000,  11.1875,  26.0625, -16.5625, 147.6250,  -0.6250, 11303, -7.0000, 41.2500, 360.0000 
 -6.6100,  -1.2500,   6.8300, -59.0000,  11.1875,  26.0625, -13.4375, 132.4375,   3.1875, 11321, -7.1250, 42.6875, 359.9375 
 -7.2300,  -1.3500,   6.8400, -63.2500,  10.6875,  17.7500,  -3.6875, 119.5000,   9.5000, 11339, -7.1875, 45.1875, 359.9375 
 -7.4200,  -1.1300,   6.6200, -63.2500,  10.6875,  17.7500,  -0.6875,  81.2500,   9.5625, 11359, -7.0625, 47.3750, 360.0000 
 -7.4900,  -1.1900,   6.4800, -63.2500,  10.6875,  17.7500,  -1.9375,  53.8750,   4.0625, 11377, -7.0000, 48.6875, 0.0625 
 -7.5800,  -1.1500,   6.3500, -66.2500,  10.8750,  10.5625,   0.8125,  14.7500,   3.3750, 11397, -6.9375, 49.1250, 0.1250 
 -7.4000,  -1.1000,   6.2700, -66.2500,  10.8750,  10.5625,  -1.6250, -15.0000,  -2.0625, 11416, -6.9375, 49.0000, 0.1250 
 -7.4300,  -1.1500,   6.3600, -67.0625,  10.6875,   8.5000,  -0.3125, -35.7500,   0.5000, 11433, -7.0000, 48.3750, 0.1250 
 -7.1300,  -1.0600,   6.3500, -67.0625,  10.6875,   8.5000,   1.6250, -53.5000,   0.3125, 11452, -6.9375, 47.9375, 0.1875 
 -7.0300,  -0.9900,   6.4900, -67.0625,  10.6875,   8.5000,   4.7500, -77.0000,  -1.6250, 11470, -6.9375, 46.8125, 0.2500 
 -7.0100,  -1.0800,   6.7700, -66.6875,  11.5625,   9.8750,   5.8125, -86.8750,  -0.4375, 11489, -6.8750, 45.2500, 0.3125 
 -6.7800,  -1.0200,   6.9000, -66.6875,  11.5625,   9.8750,   8.5625, -109.1875,   2.1250, 11509, -6.6875, 43.3125, 0.3750 
 -6.5700,  -1.1200,   7.2000, -66.6875,  11.5625,   9.8750,   9.8750, -116.7500,   2.3750, 11527, -6.5625, 41.1250, 0.5000 
 -6.1900,  -0.9500,   7.4300, -64.8750,  11.1875,  14.0000,   7.8125, -133.6250,   2.0000, 11546, -6.3750, 38.6250, 0.6875 
 -5.8000,  -1.0000,   7.4900, -64.8750,  11.1875,  14.0000,   4.8750, -147.1250,   0.5000, 11565, -6.3125, 35.8125, 0.8125 
 -5.3600,  -0.9400,   7.8400, -62.6875,  12.3750,  21.5000,   2.7500, -153.7500,  -1.0000, 11582, -6.2500, 32.8750, 1.0000 
 -5.1400,  -0.8700,   8.1500, -62.6875,  12.3750,  21.5000,   4.1875, -173.6875,   0.3750, 11601, -6.2500, 31.3125, 1.0625 
 -4.5900,  -0.8400,   8.3900, -62.6875,  12.3750,  21.5000,  -7.4375, -224.5625,  -1.0000, 11621, -6.1875, 27.6875, 1.2500 
 -4.0100,  -0.9800,   8.6900, -59.0625,  12.3750,  28.1875,  -2.8125, -251.5625,   0.0000, 11638, -6.3125, 23.1250, 1.5000 
 -2.9800,  -1.1700,   9.4200, -59.0625,  12.3750,  28.1875,   1.9375, -290.8125,   4.0625, 11659, -6.1875, 17.5625, 1.8750 
 -2.2500,  -1.2800,   9.7100, -59.0625,  12.3750,  28.1875,   0.8125, -307.1875,   8.1250, 11676, -6.1250, 11.6875, 2.3125 
 -1.0900,  -1.1400,   9.6300, -50.3750,  12.3750,  39.6875,   5.1875, -304.1875,   6.6875, 11695, -6.0000, 5.8125, 2.8125 
  0.0200,  -0.9200,   9.5800, -50.3750,  12.3750,  39.6875,  26.4375, -330.5000,   4.1875, 11712, -5.6250, -0.3750, 3.1875 
  0.4500,  -0.8500,   9.4700, -50.3750,  12.3750,  39.6875,  20.4375, -350.6250,   3.5625, 11730, -5.3750, -3.6875, 3.4375 
  1.6900,  -0.5100,   8.9900, -38.7500,  12.3750,  49.8750,   3.5625, -354.0625,   7.5625, 11750, -5.0625, -10.5000, 3.8125 
  2.5000,  -0.5500,   9.2100, -38.7500,  12.3750,  49.8750, -11.4375, -311.1250,  14.5625, 11770, -5.1250, -17.1875, 4.3125 
  3.7300,  -0.7200,   9.1500, -20.8750,  14.1875,  58.7500, -14.0000, -290.6875,  14.5000, 11788, -5.4375, -23.0000, 4.8125 
  4.3700,  -0.7100,   8.6200, -20.8750,  14.1875,  58.7500, -15.9375, -259.3125,  14.1875, 11808, -5.8125, -28.1875, 5.3125 
  5.3800,  -0.8500,   8.4100, -20.8750,  14.1875,  58.7500, -20.3750, -209.3750,  12.3750, 11827, -6.2500, -32.5000, 5.6875 
  5.8800,  -1.1200,   8.3700,  -3.0625,  13.1875,  63.1875, -18.0000, -165.8750,   8.6875, 11844, -6.6875, -35.9375, 6.0000 
  6.3000,  -1.4100,   8.0100,  -3.0625,  13.1875,  63.1875, -11.3125, -124.2500,   4.5625, 11863, -6.8750, -37.3125, 6.1250 
  6.3900,  -1.4200,   7.8300,  -3.0625,  13.1875,  63.1875,  -6.5625, -92.8750,   1.5625, 11880, -7.0625, -39.5625, 6.2500 
  6.7500,  -1.2300,   7.6400,   9.1875,  12.1875,  63.7500,  -8.5000, -50.3750,   1.0000, 11900, -7.1250, -41.1875, 6.3750 
  6.6700,  -1.3000,   7.3800,   9.1875,  12.1875,  63.7500,  -7.8750, -16.8125,   1.5000, 11921, -7.3125, -42.0000, 6.3750 
  6.4700,  -1.2700,   7.4400,  15.6875,  12.7500,  61.1875,  -5.5000,  -2.3750,   1.8125, 11938, -7.4375, -42.1875, 6.3750 
  6.4600,  -1.2200,   7.4900,  15.6875,  12.7500,  61.1875,   0.6250,  21.0000,  -1.3125, 11957, -7.4375, -41.8750, 6.3125 
  6.1000,  -1.0900,   7.3100,  15.6875,  12.7500,  61.1875,   2.1875,  42.4375,  -2.1250, 11975, -7.3750, -41.1250, 6.2500 
  6.1200,  -1.2700,   7.5300,  16.6875,  11.6875,  61.1875,   8.7500,  46.8125,  -4.8125, 11993, -7.3125, -40.6875, 6.1875 
  6.2200,  -1.2600,   7.6900,  16.6875,  11.6875,  61.1875,   7.8125,  61.7500,  -0.6250, 12012, -7.1250, -39.7500, 6.1250 
  6.1400,  -1.1800,   8.0400,  16.6875,  11.6875,  61.1875,   6.5625,  75.0000,  -0.1250, 12029, -7.0000, -38.4375, 6.0625 
  5.8600,  -1.0500,   8.0600,  14.5000,  12.5000,  62.0625,   6.3750,  99.4375,  -3.1875, 12050, -6.8750, -36.5625, 5.9375 
  5.4400,  -1.0900,   8.4300,  14.5000,  12.5000,  62.0625,  10.1250, 154.8750,  -5.8750, 12070, -6.7500, -34.1875, 5.7500 
  5.0200,  -1.0400,   8.4000,   9.7500,  11.7500,  64.5000,  15.7500, 174.6250,  -8.6250, 12088, -6.4375, -31.0000, 5.5000 
  4.1600,  -1.0100,   8.4200,   9.7500,  11.7500,  64.5000,  24.3750, 196.8125, -10.6875, 12107, -5.9375, -27.2500, 5.1875 
  3.8400,  -0.9100,   8.9200,   9.7500,  11.7500,  64.5000,  26.6250, 210.4375, -12.0000, 12125, -5.3750, -23.2500, 4.8125 
  3.0200,  -0.8200,   9.2100,   1.5000,  13.6875,  64.5000,  11.9375, 229.9375,  -3.8750, 12143, -5.1875, -21.1250, 4.6875 
  2.6500,  -0.8800,   9.3600,   1.5000,  13.6875,  64.5000,  17.0625, 247.4375,  -6.6875, 12163, -4.9375, -16.6250, 4.4375 
  1.6400,  -0.9600,   9.8700,   1.5000,  13.6875,  64.5000,  11.6875, 258.1250,  -8.5000, 12180, -4.6250, -11.6875, 4.1250 
  0.9400,  -0.7200,   9.7600, -10.8750,  14.0625,  64.0000,   7.8125, 250.3750,  -8.5000, 12200, -4.4375, -6.8125, 3.8125 
 -0.0600,  -0.6100,   9.9000, -10.8750,  14.0625,  64.0000,   7.1875, 280.8125,  -7.1250, 12221, -4.3125, -2.0625, 3.5000 
 -0.8800,  -0.7400,   9.3700, -24.2500,  14.7500,  59.3750,   8.5000, 302.1875,  -8.3125, 12238, -4.1875, 3.5000, 3.1250 
 -2.0000,  -0.7900,   8.8100, -24.2500,  14.7500,  59.3750,  -4.5000, 380.8750,  -9.5000, 12257, -4.1875, 10.3750, 2.6875 
 -3.0300,  -0.7700,   8.5900, -24.2500,  14.7500,  59.3750,  -3.8750, 399.0000,  -9.8750, 12274, -4.3125, 18.1875, 2.2500 
 -3.4700,  -0.8000,   8.5800, -38.5000,  15.8750,  51.5000, -12.2500, 378.5000,  -7.5000, 12292, -4.4375, 21.9375, 2.0000 
 -5.1000,  -0.6500,   8.6800, -38.5000,  15.8750,  51.5000, -13.0000, 323.0625,  -7.4375, 12312, -4.6875, 29.0000, 1.6250 
 -5.8400,  -0.6500,   8.2400, -38.5000,  15.8750,  51.5000, -11.5000, 297.0000,  -6.3125, 12329, -5.0000, 35.0000, 1.2500 
 -6.2600,  -0.6300,   7.4300, -55.5000,  14.5000,  34.8750,  -0.8750, 221.0000,  -0.6875, 12349, -5.1250, 39.6250, 1.0000 
 -6.7600,  -0.6800,   7.1800, -55.5000,  14.5000,  34.8750,   2.5625, 152.0000,   5.1250, 12368, -5.0000, 42.8750, 0.9375 
 -6.9700,  -0.6900,   6.7800, -64.1875,  13.3750,  20.5000,   5.1250, 107.6875,   6.3125, 12386, -4.8750, 45.1250, 0.8750 
 -7.0700,  -0.7900,   6.5500, -64.1875,  13.3750,  20.5000,   5.5625,  83.4375,   4.8125, 12404, -4.8125, 46.0625, 0.8750 
 -7.4200,  -0.6400,   6.4700, -64.1875,  13.3750,  20.5000,   4.1875,  66.2500,   0.7500, 12423, -4.6250, 47.6250, 0.8125 
 -7.5700,  -0.6700,   6.3600, -67.2500,  14.6875,  15.0625,   5.3750,  51.8125,  -1.7500, 12441, -4.6250, 48.7500, 0.7500 
 -7.7300,  -0.7600,   6.3300, -67.2500,  14.6875,  15.0625,   5.0000,  21.9375,  -2.1250, 12461, -4.5625, 49.2500, 0.6250 
 -7.5800,  -0.8100,   6.3300, -67.2500,  14.6875,  15.0625,   0.3125,   0.7500,  -6.0625, 12478, -4.6250, 49.3750, 0.5000 
 -7.5600,  -0.7300,   6.3800, -67.5000,  14.6875,  11.0000,  -3.7500, -21.5000,  -9.3125, 12495, -4.7500, 49.0625, 0.3750 
 -7.4600,  -0.8300,   6.4100, -67.5000,  14.6875,  11.0000,  -4.4375, -42.1875,  -7.0000, 12514, -4.8750, 48.7500, 0.3125 
 -7.4600,  -0.8300,   6.4400, -67.5000,  14.6875,  11.0000,  -2.0000, -48.8125,  -4.8125, 12531, -5.0000, 47.8750, 0.2500 
 -7.2900,  -0.7300,   6.6700, -67.8750,  14.0000,  11.0625,   0.0625, -63.6875,  -4.3750, 12551, -5.0625, 46.7500, 0.2500 
 -7.0700,  -0.5600,   6.8400, -67.8750,  14.0000,  11.0625,   2.5000, -103.6250,  -4.6250, 12572, -5.1250, 45.0000, 0.2500 
 -6.5800,  -0.7100,   7.0100, -66.6875,  13.5625,  14.7500,   2.9375, -146.3750,  -1.3750, 12590, -5.0625, 42.3125, 0.3125 
 -6.2600,  -0.8700,   7.2600, -66.6875,  13.5625,  14.7500,  -2.8125, -175.3750,   2.0000, 12608, -5.1250, 39.0625, 0.5000 
 -5.7800,  -0.8600,   7.8500, -66.6875,  13.5625,  14.7500,  -9.5625, -193.3125,  -1.3750, 12625, -5.2500, 35.3750, 0.7500 
 -5.4700,  -0.8700,   7.8800, -64.8750,  13.5625,  20.6875,  -8.3750, -207.9375,   1.3750, 12643, -5.3125, 33.4375, 0.8750 
 -4.7200,  -0.8000,   8.4000, -64.8750,  13.5625,  20.6875, -10.0000, -211.3125,  -0.3125, 12663, -5.4375, 29.4375, 1.1250 
 -4.1100,  -0.8800,   8.6200, -64.8750,  13.5625,  20.6875,  -5.8125, -223.0625,   1.0625, 12681, -5.5625, 25.2500, 1.3750 
 -3.4000,  -0.9500,   9.1700, -59.0625,  14.0000,  30.5000,  -3.4375, -268.1250,   6.5625, 12700, -5.5000, 20.3125, 1.7500 
 -2.6000,  -0.9500,   9.5200, -59.0625,  14.0000,  30.5000,   2.1250, -314.6250,   5.3125, 12720, -5.5000, 14.5000, 2.1875 
 -1.4200,  -0.9300,   9.5300, -51.3750,  13.2500,  42.0000,  -1.0625, -312.3750,   3.9375, 12737, -5.5000, 8.3750, 2.5000 
 -0.2700,  -0.8700,  10.0100, -51.3750,  13.2500,  42.0000,  14.6875, -325.3125,   1.7500, 12755, -5.3750, 5.3125, 2.6875 
 -0.0000,  -0.9700,   9.9700, -51.3750,  13.2500,  42.0000,   2.3750, -311.8125,   5.7500, 12774, -5.1875, -0.8750, 3.0625 
  1.1500,  -0.7900,   9.7400, -37.2500,  14.3750,  54.6875,   3.0625, -295.1875,   4.1250, 12792, -5.1250, -6.7500, 3.4375 
  1.8700,  -0.7000,   9.3200, -37.2500,  14.3750,  54.6875,  -0.4375, -229.5625,  -5.5000, 12813, -5.1875, -11.8125, 3.6250 
  2.6400,  -0.6300,   9.0100, -37.2500,  14.3750,  54.6875,  -0.8750, -210.8125,  -6.1875, 12830, -5.1875, -16.1250, 3.6875 
  3.2700,  -0.6800,   9.4400, -21.2500,  14.3750,  61.0625,  -5.6875, -174.9375,  -3.1250, 12850, -5.2500, -19.6875, 3.7500 
  3.7300,  -0.5900,   8.9100, -21.2500,  14.3750,  61.0625,  -1.5000, -149.0625,  -5.7500, 12869, -5.3125, -22.6875, 3.8125 
  4.1900,  -0.7100,   8.8700,  -9.6875,  14.8750,  64.2500,   7.8125, -134.3750,  -6.7500, 12887, -5.1250, -25.3750, 3.8125 
  4.8500,  -0.9500,   9.1600,  -9.6875,  14.8750,  64.2500,  -3.6250, -119.4375,   0.3125, 12905, -5.0625, -26.5625, 3.8750 
  4.8800,  -0.9100,   8.9600,  -9.6875,  14.8750,  64.2500,  -9.5625, -98.8750,   1.3125, 12924, -5.1875, -28.8125, 3.9375 
  5.0900,  -0.9800,   8.5000,  -2.0625,  14.8750,  64.5000,  -8.6250, -84.8750,  -0.1250, 12942, -5.3750, -30.5625, 4.0000 
  5.1100,  -0.9500,   8.2500,  -2.0625,  14.8750,  64.5000, -12.8125, -74.1250,   6.1875, 12962, -5.5625, -32.0625, 4.1250 
  5.0800,  -1.0200,   8.0900,  -2.0625,  14.8750,  64.5000, -13.3750, -70.5000,   8.0000, 12980, -5.8750, -33.4375, 4.2500 
  5.1700,  -1.0100,   7.9800,   3.7500,  13.6875,  64.0625, -12.6250, -61.0000,   5.9375, 12999, -6.1875, -34.6875, 4.3750 
  5.4600,  -0.8700,   8.1100,   3.7500,  13.6875,  64.0625, -11.0000, -49.6250,   7.5000, 13017, -6.4375, -35.6875, 4.5000 
  5.4600,  -0.9900,   8.0700,   8.0625,  13.0000,  65.2500,  -7.7500, -22.6250,   4.6875, 13034, -6.5000, -36.0625, 4.5625 
  5.6100,  -1.0700,   8.2600,   8.0625,  13.0000,  65.2500,  -3.8750,   5.2500,   2.1250, 13054, -6.6875, -36.3750, 4.6250 
  5.4900,  -1.1300,   8.0100,   8.0625,  13.0000,  65.2500,  -3.1250,  29.5625,  -1.1250, 13074, -6.7500, -36.1250, 4.6250 
  5.5400,  -1.0600,   8.2700,   9.8750,  13.3750,  65.0000,   0.4375,  40.0625,  -3.9375, 13091, -6.7500, -35.4375, 4.5000 
  5.2900,  -1.0900,   8.4200,   9.8750,  13.3750,  65.0000,   1.5625,  76.7500,  -1.9375, 13112, -6.6875, -34.1250, 4.3750 
  5.1100,  -0.9000,   8.5600,   9.8750,  13.3750,  65.0000,   9.6875, 115.8125,  -3.6250, 13129, -6.5625, -32.1250, 4.2500 
  4.4100,  -0.7200,   8.5800,   7.7500,  12.3750,  64.5625,  24.3750, 166.1875,  -9.9375, 13147, -6.1250, -29.1250, 4.0000 
  4.1600,  -0.7400,   8.6200,   7.7500,  12.3750,  64.5625,  40.5625, 218.0000, -14.9375, 13165, -5.7500, -27.3125, 3.8750 
  3.3900,  -0.9000,   9.1700,   7.7500,  12.3750,  64.5625,  39.5000, 236.3750, -12.0000, 13184, -4.9375, -22.8750, 3.5625 
  2.8400,  -0.6800,   9.4200,   1.5625,  13.0000,  64.1875,  15.1875, 269.8125,  -5.1875, 13204, -4.3750, -18.0000, 3.3125 
  1.7300,  -0.6600,   9.6700,   1.5625,  13.0000,  64.1875,   9.6875, 290.0000,  -3.6250, 13224, -4.1250, -12.6250, 3.0625 
  1.0100,  -0.6100,   9.9400, -12.5625,  14.5000,  63.3750,   4.3750, 289.2500,  -0.6875, 13242, -3.9375, -7.0625, 2.8125 
 -0.1800,  -0.6200,  10.0600, -12.5625,  14.5000,  63.3750,  11.8125, 310.6250,  -0.8750, 13261, -3.7500, -1.1875, 2.6250 
 -1.2900,  -0.7100,   9.5000, -12.5625,  14.5000,  63.3750,  15.3750, 344.5000,  -0.5625, 13279, -3.4375, 5.3750, 2.3750 
 -2.3100,  -0.3800,   8.7900, -27.0625,  15.5625,  58.0000,   0.4375, 390.6875,  -1.3750, 13296, -3.4375, 8.9375, 2.2500 
 -2.8600,  -0.3300,   8.7100, -27.0625,  15.5625,  58.0000,  10.4375, 355.1250,  11.3125, 13316, -3.3125, 16.5000, 2.0625 
 -3.7400,  -0.5200,   8.6900, -27.0625,  15.5625,  58.0000,  13.6875, 333.1875,  17.1875, 13333, -3.0000, 23.1875, 2.1250 
 -5.6100,  -0.4500,   8.9500, -44.1875,  16.0000,  46.8750,  18.0000, 290.6875,  16.2500, 13353, -2.5000, 29.0000, 2.2500 
 -5.8800,  -0.4100,   8.4900, -44.1875,  16.0000,  46.8750,   1.1250, 239.5000,  -0.4375, 13374, -2.4375, 33.8750, 2.1250 
 -6.1600,  -0.3100,   7.7400, -58.0000,  17.0625,  31.5625,  -0.7500, 179.3750,  -2.5625, 13391, -2.4375, 37.6875, 2.0000 
 -6.4700,  -0.2600,   7.4500, -58.0000,  17.0625,  31.5625,   0.6250, 114.7500,   3.2500, 13410, -2.4375, 40.1875, 2.0000 
 -6.4600,  -0.3900,   6.9600, -58.0000,  17.0625,  31.5625,   1.6250,  71.2500,   3.7500, 13427, -2.3750, 41.7500, 2.0000 
 -6.5900,  -0.3400,   6.8900, -63.3750,  17.1875,  23.0625,  -0.6875,  55.8125,  -2.0000, 13445, -2.3125, 42.3125, 2.0000 
 -6.5600,  -0.3500,   6.5600, -63.3750,  17.1875,  23.0625,  -2.6250,  56.2500,  -5.5625, 13465, -2.4375, 43.4375, 1.9375 
 -6.6800,  -0.4300,   6.5400, -63.3750,  17.1875,  23.0625,  -1.9375,  59.5625,  -2.5000, 13483, -2.5000, 44.5000, 1.8125 
 -7.6700,  -0.3600,   6.8700, -65.2500,  17.1875,  18.3750,  -2.8750,  63.5000,  -3.0625, 13502, -2.5625, 45.7500, 1.7500 
 -7.4500,  -0.3300,   6.7400, -65.2500,  17.1875,  18.3750,  -7.1875,  36.1250, -11.0000, 13521, -2.8125, 46.6250, 1.6250 
 -7.1600,  -0.3300,   6.6400, -66.1875,  17.1875,  15.0000,  -6.1250,   2.7500,  -8.6250, 13539, -3.0000, 46.8125, 1.5000 
 -7.1000,  -0.4400,   6.6400, -66.1875,  17.1875,  15.0000,  -7.0000, -19.3125,  -7.1250, 13557, -3.0625, 46.7500, 1.4375 
 -7.0700,  -0.5200,   6.6800, -66.1875,  17.1875,  15.0000,  -7.7500, -22.1875,  -5.9375, 13577, -3.2500, 46.3125, 1.3750 
 -7.1600,  -0.5200,   6.8400, -66.5625,  16.8750,  15.7500,  -8.7500, -26.1250,  -8.5625, 13594, -3.5000, 45.8750, 1.3125 
 -7.2600,  -0.5300,   6.9400, -66.5625,  16.8750,  15.7500,  -5.1875, -44.4375,  -4.6250, 13615, -3.6250, 45.1250, 1.3125 
 -7.1500,  -0.4400,   7.2200, -66.5625,  16.8750,  15.7500,  -9.7500, -72.1250, -14.3125, 13631, -3.8750, 43.8750, 1.1875 
 -6.8500,  -0.4500,   7.4500, -67.0000,  16.0625,  17.0625, -12.8125, -113.1250, -17.7500, 13649, -4.3125, 41.8750, 1.0000 
 -6.3200,  -0.6700,   7.7100, -67.0000,  16.0625,  17.0625, -12.4375, -163.6875, -11.1875, 13668, -4.5000, 40.5000, 1.0000 
 -5.9800,  -0.7400,   7.6800, -67.0000,  16.0625,  17.0625, -17.3750, -210.3125,  -8.0625, 13685, -4.8125, 37.1250, 1.0000 
 -5.3100,  -0.8100,   7.9900, -64.6875,  15.6875,  22.1875, -22.6875, -243.1250,  -7.6875, 13706, -5.1875, 32.9375, 1.1875 
 -4.6300,  -0.9000,   8.3000, -64.6875,  15.6875,  22.1875, -20.3750, -267.3125,  -7.1875, 13726, -5.6875, 28.0625, 1.4375 
 -3.5700,  -0.9400,   8.6600, -59.5625,  14.6875,  31.5625, -12.3750, -280.6875,  -5.6250, 13744, -6.0000, 22.7500, 1.6875 
 -2.8600,  -1.0700,   9.1900, -59.5625,  14.6875,  31.5625, -11.6875, -314.1250,  -1.6250, 13763, -6.1875, 16.6875, 2.0000 
 -1.4600,  -0.9600,   9.4400, -59.5625,  14.6875,  31.5625,  -5.7500, -327.1875,  -5.9375, 13780, -6.3750, 10.4375, 2.2500 
 -0.6700,  -0.9400,   9.1300, -50.1875,  13.8750,  44.2500,  -4.0625, -330.1875,  -6.1875, 13799, -6.4375, 4.0625, 2.5000 
 -0.1000,  -0.9800,   9.6000, -50.1875,  13.8750,  44.2500,  -5.4375, -310.4375,  -2.4375, 13817, -6.4375, 0.8125, 2.6250 
  0.7100,  -0.9500,   9.6500, -50.1875,  13.8750,  44.2500,  -3.0625, -272.9375,   0.6875, 13835, -6.5625, -4.7500, 2.9375 
  1.3400,  -1.0800,   9.7000, -35.5625,  13.5625,  54.8750, -12.3125, -179.8750,  -1.3750, 13855, -6.6875, -8.9375, 3.1250 
  2.0900,  -0.9900,   9.6200, -35.5625,  13.5625,  54.8750,   0.3125, -155.6875,  -0.9375, 13876, -6.8750, -12.3125, 3.3125 
  2.6200,  -1.0700,   9.7400, -21.5000,  14.1875,  62.1875,   4.2500, -144.1250,  -1.8125, 13894, -6.8125, -15.1875, 3.4375 
  3.0400,  -1.0500,   9.6700, -21.5000,  14.1875,  62.1875,  -0.9375, -102.8750,  -0.8125, 13914, -6.8125, -17.3750, 3.5625 
  3.1600,  -1.0900,   9.3000, -21.5000,  14.1875,  62.1875,  -1.8750, -97.8125,  -3.0625, 13931, -6.8125, -19.2500, 3.6250 
  3.6000,  -1.1100,   9.1900, -13.0625,  12.3750,  64.5000,  -1.4375, -115.9375,  -2.7500, 13948, -6.8125, -20.3125, 3.6250 
  3.7500,  -1.0800,   9.1200, -13.0625,  12.3750,  64.5000,  -5.6250, -128.8125,  -2.8125, 13968, -6.8125, -22.6250, 3.7500 
  4.2500,  -1.0800,   8.8600, -13.0625,  12.3750,  64.5000,  -7.0625, -136.0000,  -2.4375, 13985, -6.9375, -25.1875, 3.8125 
  4.4600,  -1.0100,   8.6200,  -8.0625,  13.7500,  66.1875,  -8.3750, -131.0625,   2.3125, 14006, -7.0000, -27.9375, 3.9375 
  4.7700,  -1.1500,   8.3900,  -8.0625,  13.7500,  66.1875,  -5.5000, -120.3125,   1.9375, 14026, -7.1875, -30.3750, 4.1250 
  4.9600,  -1.1700,   8.1200,   0.2500,  13.0625,  65.5000, -10.8125, -119.8750,   3.3125, 14045, -7.3125, -32.6875, 4.3125 
  5.4300,  -1.1300,   8.0300,   0.2500,  13.0625,  65.5000, -12.5000, -122.4375,   3.5000, 14064, -7.5625, -35.1250, 4.4375 
  5.5700,  -1.1800,   7.8200,   0.2500,  13.0625,  65.5000, -10.2500, -100.6875,   3.3750, 14082, -7.7500, -37.1875, 4.6250 
  5.9000,  -1.2000,   7.8000,   6.8750,  11.6875,  66.1875,  -6.6250, -76.3125,   0.6250, 14099, -7.9375, -38.8125, 4.6875 
  5.9900,  -1.1700,   7.8000,   6.8750,  11.6875,  66.1875,  -2.1250, -50.0000,  -2.3750, 14118, -7.9375, -39.4375, 4.7500 
  6.3000,  -1.1600,   7.9600,   6.8750,  11.6875,  66.1875,  -1.3750, -28.1875,  -2.5000, 14136, -7.9375, -40.1875, 4.7500 
  6.1300,  -1.2700,   7.7400,  11.1875,  11.2500,  65.0625,  -1.3750,  26.5000,   2.8750, 14156, -7.9375, -40.0625, 4.6875 
  5.9300,  -1.2700,   7.7300,  11.1875,  11.2500,  65.0625,  -1.8125,  35.6250,   2.6250, 14177, -8.0000, -39.5000, 4.6875 
  5.7000,  -1.2200,   7.6700,  13.8750,  11.6875,  65.7500,   0.8125,  40.3125,   1.2500, 14194, -8.0625, -38.7500, 7.6875 
  5.6100,  -1.2500,   7.6600,  13.8750,  11.6875,  65.7500,   6.5000,  50.0000,  -1.8125, 14214, -7.9375, -37.8750, 7.6250 
  5.5400,  -1.1700,   7.9800,  13.8750,  11.6875,  65.7500,   5.8750,  55.0000,   0.4375, 14231, -7.8750, -36.8125, 7.5625 
  5.5600,  -1.1600,   8.2800,  12.0625,  11.6875,  65.5000,  14.0625,  68.0000,  -1.0000, 14249, -7.7500, -36.1875, 10.3125 
  5.4400,  -1.1800,   8.5500,  12.0625,  11.6875,  65.5000,  13.6875,  96.5625,   1.9375, 14268, -7.5625, -34.7500, 10.2500 
  5.1900,  -1.0800,   8.7200,  12.0625,  11.6875,  65.5000,  15.2500, 116.6250,   2.6250, 14286, -7.3125, -32.6875, 10.2500 
  4.4200,  -1.0200,   8.6900,   9.0625,  12.3750,  65.8750,  18.8125, 155.5000,   4.6875, 14307, -7.0625, -29.8125, 12.7500 
  3.8400,  -0.9800,   8.5600,   9.0625,  12.3750,  65.8750,  32.8125, 181.5625,  -3.3750, 14327, -6.6875, -26.3750, 12.6250 
  3.3500,  -0.8800,   9.1200,   1.3750,  12.7500,  65.0625,  30.0625, 189.6250,  -0.8750, 14345, -6.1250, -22.7500, 13.8125 
  2.8600,  -0.9200,   9.5100,   1.3750,  12.7500,  65.0625,  27.6250, 220.8125,   0.3125, 14364, -5.6250, -18.6250, 13.7500 
  1.8000,  -0.8700,   9.5500,   1.3750,  12.7500,  65.0625,  39.1250, 271.3125,   1.5625, 14382, -5.0000, -13.7500, 13.6250 
  1.1800,  -0.8800,   9.8800,  -8.5625,  14.5625,  66.2500,  28.5000, 294.7500,   8.1875, 14400, -4.5625, -10.7500, 13.5625 
  0.8100,  -0.7000,   9.7800,  -8.5625,  14.5625,  66.2500,  13.6250, 240.8750,  13.0000, 14418, -4.1875, -5.2500, 13.5625 
 -0.0500,  -0.5800,   9.7900,  -8.5625,  14.5625,  66.2500,  16.3750, 199.4375,  13.0625, 14437, -3.8750, -0.9375, 13.6875 
 -0.2800,  -0.4600,   9.5600, -23.5000,  15.5625,  60.7500,  11.8125,  98.6250,   8.8125, 14457, -3.6875, 1.3750, 13.8125 
 -0.4900,  -0.2900,   9.6600, -23.5000,  15.5625,  60.7500,   3.3750,  -3.0625, -10.5000, 14478, -3.4375, 2.1250, 13.8125 
 -0.4900,  -0.4200,   9.8300, -31.8750,  17.7500,  56.8750,   5.5625,  -9.9375, -12.9375, 14495, -3.3750, 2.0000, 13.5625 
 -0.5300,  -0.5900,   9.6000, -31.8750,  17.7500,  56.8750,   2.6875, -13.5000, -15.7500, 14514, -3.3125, 1.7500, 13.2500 
 -0.4100,  -0.3100,  10.0800, -31.8750,  17.7500,  56.8750,  -3.5625, -20.2500, -13.7500, 14531, -3.3750, 1.3125, 13.0000 
 -0.2600,  -0.4700,   9.5400, -32.2500,  17.5000,  56.8750,  -1.6875,  -3.5625, -16.2500, 14548, -3.3125, 1.2500, 12.8125 
 -0.3400,  -0.3400,   9.5600, -32.2500,  17.5000,  56.8750,   5.7500,  -4.9375,  -9.1250, 14569, -3.3125, 1.1875, 12.5625 
 -0.3900,  -0.4300,  10.0900, -32.2500,  17.5000,  56.8750,   1.9375,  -3.9375,  -8.1875, 14585, -3.2500, 1.1250, 12.3750 
 -0.3100,  -0.4300,   9.9800, -31.5000,  16.7500,  58.0625, -17.5000, -12.4375, -10.2500, 14606, -3.5000, 0.9375, 12.2500 
 -0.5100,  -1.2200,   9.6300, -31.5000,  16.7500,  58.0625, -17.2500, -29.7500, -15.3750, 14625, -3.8750, 0.4375, 12.0000 
 -0.2400,  -0.5600,   9.5600, -31.8750,  16.3750,  57.0625,  -8.3125, -31.8750,  13.6875, 14643, -4.0000, -0.1250, 12.0625 
 -0.0400,  -0.5600,   9.8600, -31.8750,  16.3750,  57.0625, -14.6875, -28.4375,   4.5000, 14660, -4.1250, -0.4375, 12.1875 
 -0.0900,  -0.5700,   9.8800, -31.8750,  16.3750,  57.0625,  -2.3125,  -5.5625,   1.1250, 14680, -4.3750, -0.8750, 12.2500 
 -0.0800,  -0.7400,   9.8800, -29.6875,  15.2500,  58.0000,   1.6875,  -3.5625,   0.6875, 14698, -4.3750, -0.9375, 12.2500 
 -0.0400,  -0.5800,   9.9500, -29.6875,  15.2500,  58.0000,  -4.6875,  -0.6250,   2.4375, 14718, -4.3750, -1.0000, 12.3125 
 -0.1300,  -0.8400,   9.9900, -29.6875,  15.2500,  58.0000,  -5.3750,   2.7500,   0.7500, 14736, -4.4375, -0.9375, 12.3750 
 -0.8600,  -1.0300,   9.5700, -29.2500,  15.5625,  58.6875,  -9.3750,  10.3750,  -1.6875, 14754, -4.6250, -0.7500, 12.3125 
  0.1500,  -0.5200,   9.7200, -29.2500,  15.5625,  58.6875,  -9.2500,   2.7500, -16.0625, 14772, -4.8125, -0.7500, 12.0000 
  0.3800,  -0.5000,  10.0600, -29.0000,  15.2500,  57.0625,  -1.8750,  -5.5000,  -5.8125, 14790, -4.8125, -0.7500, 11.8750 
  0.1000,  -0.5500,   9.8300, -29.0000,  15.2500,  57.0625,  -5.8125,  -9.3125, -10.2500, 14810, -4.9375, -0.9375, 11.8125 
 -0.0500,  -0.9500,   9.8300, -29.0000,  15.2500,  57.0625,  -4.1875, -14.6250,  -1.6875, 14829, -5.0000, -1.1250, 11.6250 
 -0.1300,  -0.8500,   9.7600, -29.6875,  14.1875,  58.0000,  -2.9375, -10.6250,   2.5000, 14846, -5.1250, -1.3750, 11.6250 
 -0.2600,  -0.8500,   9.7900, -29.6875,  14.1875,  58.0000,  -2.1250,   2.1250,   3.2500, 14866, -5.1250, -1.4375, 11.6875 
 -0.1300,  -0.8500,   9.8800, -29.6875,  14.1875,  58.0000,  -0.2500,  16.5000,   3.8125, 14883, -5.1250, -1.0625, 11.7500 
 -0.2800,  -0.8900,   9.5800, -29.0625,  13.7500,  58.2500,   3.6250,  12.9375,   5.3125, 14901, -5.1250, -0.8750, 11.8125 
 -0.4900,  -0.5900,   9.1700, -29.0625,  13.7500,  58.2500,  20.6250,  -9.3750, -15.0000, 14920, -5.0000, -0.6250, 11.8750 
  0.7000,  -0.2200,  10.2700, -29.0625,  13.7500,  58.2500,  22.3750,  -8.3750, -20.0000, 14938, -4.5625, -0.8125, 11.5000 
  0.2800,  -0.8100,  10.6800, -30.1875,  14.5625,  58.0000,   8.8125,  18.3750, -15.5000, 14958, -4.3750, -0.6250, 11.1875 
 -0.0300,  -0.6700,  10.1500, -30.1875,  14.5625,  58.0000, -20.3750,  22.6875, -26.8750, 14980, -4.5625, -0.0625, 10.7500 
  0.0400,  -0.8800,   9.2700, -30.1875,  15.0000,  57.0625, -20.5625,   6.3750, -28.2500, 14997, -5.0000, 0.1250, 12.3125 
  0.0400,  -0.9400,   9.4600, -30.1875,  15.0000,  57.0625, -10.7500, -12.6250, -32.6875, 15016, -5.1875, -0.0625, 11.6875 
 -0.0000,  -0.4900,   9.2800, -30.1875,  15.0000,  57.0625,   8.6250, -23.8750, -21.1875, 15034, -5.1875, -0.3750, 11.1875 
 -0.2200,  -0.5300,   9.7500, -30.1875,  14.1875,  57.0625,   5.7500, -21.1250, -16.0625, 15051, -5.0625, -0.7500, 13.0000 
 -0.0400,  -0.6300,   9.2000, -30.1875,  14.1875,  57.0625,  10.5625,  -6.1875,  -0.5000, 15071, -5.0000, -1.1250, 12.7500 
 -0.0600,  -0.5800,   9.7000, -30.1875,  14.1875,  57.0625,  17.5000,  -2.0625,   5.0000, 15088, -4.6875, -1.1875, 12.8125 
  0.0700,  -0.9900,  10.4500, -30.1875,  14.1875,  58.6875,  20.2500,   1.8125,   3.0000, 15109, -4.3125, -1.1875, 14.8125 
 -0.2200,  -0.5400,  10.4300, -30.1875,  14.1875,  58.6875,  22.6875,   0.3125,   4.6875, 15129, -3.8750, -1.1250, 14.9375 
 -0.0500,  -0.4200,   9.4600, -30.5625,  13.5000,  58.0000,  -5.1875,  -9.6875,   2.1250, 15147, -3.8125, -1.3125, 16.4375 
  0.0500,  -0.3500,   9.0600, -30.5625,  13.5000,  58.0000,  -2.2500,  -4.3750,   4.1875, 15165, -3.9375, -1.4375, 16.5000 
  0.3700,  -0.6700,   9.2800, -30.5625,  13.5000,  58.0000,   6.6875,  -2.8750,   9.9375, 15182, -3.8125, -1.4375, 16.6875 
  0.4000,  -0.7100,   9.2900, -29.7500,  13.5000,  57.0625,  -7.6875,   1.9375,   0.1250, 15201, -3.8750, -1.4375, 17.9375 
  0.2500,  -0.7100,   9.7600, -29.7500,  13.5000,  57.0625,   4.6250,   3.7500,  -0.9375, 15220, -3.9375, -1.3750, 17.9375 
 -0.0600,  -0.3600,  10.0500, -29.7500,  13.5000,  57.0625,   7.0000,   2.0625,  -0.3750, 15238, -3.8125, -1.3125, 17.9375 
 -0.1100,  -0.2900,  10.0700, -29.7500,  14.1875,  58.2500,   4.4375,  -1.5000,  -1.0625, 15256, -3.6875, -1.3750, 19.1250 
  0.1400,  -0.4800,   9.5500, -29.7500,  14.1875,  58.2500,  -8.2500,  -5.1250,  -0.3750, 15275, -3.8125, -1.4375, 19.1250 
  0.1100,  -0.4600,   9.6000, -29.7500,  15.0000,  59.0625,  -2.0625,  -2.6875,   0.4375, 15292, -3.8750, -1.5000, 19.1250 
 -0.0200,  -0.4200,   9.5100, -29.7500,  15.0000,  59.0625,  -0.9375,  -3.1875,   0.7500, 15311, -3.8750, -1.5000, 20.3125 
  0.0600,  -0.6000,   9.5900, -29.7500,  15.0000,  59.0625,  -5.9375,  -2.7500,   1.0000, 15331, -3.9375, -1.6250, 20.3125 
  0.2300,  -0.8700,   9.3900, -30.1875,  14.5625,  58.0000,  -5.3125,  -2.5625,   1.1875, 15348, -4.0625, -1.6250, 21.3750 
  0.2800,  -0.9100,   9.2100, -30.1875,  14.5625,  58.0000,  -0.0000,  -0.1875,   1.2500, 15369, -4.0625, -1.6250, 21.3750 
  0.1500,  -0.8700,   9.6800, -30.1875,  14.5625,  58.0000,   3.6875,   3.0000,   1.0000, 15386, -4.0000, -1.6250, 21.3750 
  0.1700,  -0.9000,   9.9300, -29.3750,  14.5625,  58.2500,   0.3125,   3.8125,  -0.8125, 15405, -4.0000, -1.5625, 22.3125 
 -0.1100,  -0.5900,   9.9200, -29.3750,  14.5625,  58.2500,   2.1875,   4.3750,  -1.5625, 15423, -3.9375, -1.5000, 22.3125 
 -0.3100,  -0.3700,  10.1500, -29.3750,  14.5625,  58.2500,   8.0000,   4.1875,  -2.1250, 15440, -3.8750, -1.4375, 22.3125 
 -0.2200,  -0.4900,  10.2000, -29.7500,  14.1875,  59.0625,   0.7500,  -1.2500,  -1.6250, 15461, -3.8125, -1.3750, 23.0000 
 -0.0700,  -0.3900,   9.9300, -29.7500,  14.1875,  59.0625,  -0.8750,   0.0000,  -2.3125, 15481, -3.7500, -1.3750, 23.0000 
 -0.0000,  -0.4700,  10.1100, -29.3750,  14.1875,  58.0000,   0.2500,   0.5625,  -2.6875, 15499, -3.7500, -1.3750, 23.6875 
 -0.0600,  -0.5100,  10.4500, -29.3750,  14.1875,  58.0000,   2.5625,   6.6875,  -4.0000, 15518, -3.6875, -1.2500, 23.6250 
 -0.2200,  -0.2400,  10.4000, -29.3750,  14.1875,  58.0000,   5.5000,   1.2500,  -2.3125, 15536, -3.6250, -1.1875, 23.5625 
 -0.1700,  -0.1800,  10.1900, -29.3750,  14.1875,  58.0000,   6.2500,  -2.3750,   0.6875, 15553, -3.5625, -1.1875, 24.1875 
 -0.0400,  -0.3200,  10.1000, -29.3750,  14.1875,  58.0000,   0.5625,  -4.3750,   1.9375, 15572, -3.4375, -1.2500, 24.2500 
  0.1400,  -0.4700,  10.0100, -29.3750,  14.1875,  58.0000,  -0.3125,  -3.6250,   2.7500, 15590, -3.4375, -1.3125, 24.2500 
  0.1500,  -0.5400,  10.2200, -29.3750,  15.2500,  58.2500,   1.5000,  -3.8750,   1.5000, 15610, -3.4375, -1.3750, 25.0625 
  0.0400,  -0.3100,   9.9800, -29.3750,  15.2500,  58.2500,   2.1250,  -3.9375,   1.0625, 15631, -3.3750, -1.4375, 25.0625 
  0.1700,  -0.4200,   9.6800, -29.3750,  16.3750,  59.8750,   3.6250,  -5.0625,   0.5625, 15648, -3.3125, -1.5625, 25.8750 
  0.2200,  -0.4200,   9.6400, -29.3750,  16.3750,  59.8750,  -5.8750,  -3.6250,   0.3125, 15667, -3.3750, -1.6250, 25.8750 
  0.1000,  -0.3800,   9.6400, -29.3750,  16.3750,  59.8750,  -0.8125,  -2.1875,  -0.1875, 15684, -3.4375, -1.6875, 25.8750 
  0.0400,  -0.3400,   9.7600, -29.7500,  15.5000,  58.2500,   2.2500,  -4.1875,  -0.1875, 15702, -3.3750, -1.6875, 26.3750 
  0.1100,  -0.4100,   9.7100, -29.7500,  15.5000,  58.2500,  -5.0000,  -4.0625,  -0.8750, 15722, -3.3750, -1.7500, 26.3750 
  0.2200,  -0.5700,   9.5100, -29.7500,  15.5000,  58.2500,  -7.6875,  -3.6875,  -1.3750, 15739, -3.5000, -1.8125, 26.3750 
  0.0600,  -0.5300,   9.7200, -29.7500,  15.5000,  58.2500,  -8.1875,  -0.3750,  -1.2500, 15757, -3.6250, -1.8125, 26.8125 
 -0.0000,  -0.4500,   9.9200, -29.7500,  15.5000,  58.2500,  -1.8750,  -0.3125,  -1.1250, 15774, -3.6875, -1.8125, 26.8125 
  0.0400,  -0.4900,   9.8700, -29.7500,  15.5000,  58.2500,   0.1875,  -2.1875,   1.1875, 15792, -3.6875, -1.8125, 26.8125 
  0.2000,  -0.6600,   9.7600, -30.1875,  15.1875,  59.5000,  -1.3125,  -2.4375,   1.0625, 15811, -3.6875, -1.8125, 27.1875 
  0.2400,  -0.6100,   9.6200, -30.1875,  15.1875,  59.5000,   3.2500,  -2.2500,   0.1250, 15832, -3.6875, -1.8750, 27.1875 
  0.1600,  -0.4300,   9.8100, -30.8750,  14.8750,  59.8750,   5.7500,  -1.6250,  -1.2500, 15849, -3.5000, -1.9375, 27.3125 
  0.3700,  -0.5300,   9.1700, -30.8750,  14.8750,  59.8750,  -3.6875,  -2.9375,  -2.1250, 15867, -3.5625, -1.9375, 27.3125 
  0.4100,  -0.5700,   9.4600, -30.8750,  14.8750,  59.8750,  -1.1875,   2.1875,  -1.1250, 15885, -3.6250, -1.9375, 27.2500 
  0.3400,  -0.6300,   9.7900, -29.7500,  15.5000,  60.2500,  -0.2500,   5.7500,  -2.4375, 15902, -3.6250, -1.8750, 27.6250 
  0.1000,  -0.4800,  10.0200, -29.7500,  15.5000,  60.2500,  -1.8125,   5.9375,  -3.6250, 15923, -3.6250, -1.8125, 27.5625 
 -0.0200,  -0.4300,  10.0400, -29.7500,  15.5000,  60.2500,  -1.6875,   4.3125,  -4.4375, 15940, -3.6250, -1.6875, 27.5000 
 -0.0900,  -0.3600,   9.9600, -31.1875,  15.8750,  59.8750,   3.1875,   2.0000,  -2.8125, 15959, -3.6250, -1.6250, 27.6875 
  0.0900,  -0.4700,   9.7600, -31.1875,  15.8750,  59.8750,   0.3125,   2.0625,  -0.6875, 15977, -3.5625, -1.6250, 27.6250 
  0.2000,  -0.7000,   9.5600, -30.7500,  15.5000,  60.2500,  -1.5000,   0.8125,  -2.1250, 15994, -3.6250, -1.6250, 27.6250 
  0.0100,  -0.5300,   9.8200, -30.7500,  15.5000,  60.2500,   3.3125,   3.3125,  -0.8750, 16014, -3.5625, -1.5625, 27.8750 
 -0.1500,  -0.3700,   9.6800, -30.7500,  15.5000,  60.2500,   0.6875,   1.3125,  -2.0625, 16033, -3.5625, -1.5000, 27.8125 
 -0.1800,  -0.3100,   9.6300, -31.0625,  15.2500,  61.5000,   0.3125,   1.3125,  -0.5000, 16051, -3.5000, -1.4375, 27.9375 
 -0.0800,  -0.4500,   9.7900, -31.0625,  15.2500,  61.5000,  -4.5625,   0.6875,   0.5000, 16071, -3.5625, -1.3750, 27.9375 
  0.0600,  -0.7700,   9.6700, -31.0625,  15.2500,  61.5000,  -7.8125,  -0.8125,  -0.8750, 16089, -3.6875, -1.3750, 27.9375 
 -0.0800,  -0.3800,   9.5500, -32.2500,  15.5625,  60.6875,  -1.3750,  -0.3125,   0.9375, 16106, -3.7500, -1.3750, 28.0625 
 -0.0100,  -0.4600,   9.8000, -32.2500,  15.5625,  60.6875,  -0.9375,  -1.4375,   1.5000, 16124, -3.7500, -1.3750, 28.0625 
 -0.0000,  -0.5300,   9.9500, -32.2500,  15.5625,  60.6875,  -1.0000,  -2.1250,   2.3750, 16142, -3.7500, -1.3750, 28.1250 
  0.0700,  -0.5500,   9.8100, -31.0625,  15.5625,  61.5000,  -1.2500,  -3.7500,   2.1875, 16161, -3.8125, -1.3750, 28.1250 
  0.0100,  -0.4300,   9.8300, -31.0625,  15.5625,  61.5000,  -1.1250,  -3.2500,   2.6250, 16182, -3.8125, -1.4375, 28.1875 
  0.1100,  -0.6800,  10.2100, -31.8750,  15.2500,  61.0625,   0.6250,  -1.4375,   3.2500, 16199, -3.7500, -1.4375, 28.2500 
  0.2000,  -0.5800,   9.6700, -31.8750,  15.2500,  61.0625,  -4.9375,  -3.5625,   3.0000, 16217, -3.8750, -1.5000, 28.3125 
  0.3400,  -0.6800,   9.6400, -31.8750,  15.2500,  61.0625,  -2.6875,  -5.8125,   1.6875, 16235, -3.8750, -1.5625, 28.3750 
  0.3000,  -0.6800,   9.4700, -31.0625,  15.5625,  61.5000,  -5.0625,   1.5625,   0.6875, 16252, -3.9375, -1.6250, 28.5625 
  0.1200,  -0.7300,  10.1600, -31.0625,  15.5625,  61.5000,  -0.7500,  -0.0625,  -0.1250, 16273, -4.0000, -1.6250, 28.5625 
  0.2200,  -0.6500,   9.7100, -31.0625,  15.5625,  61.5000,   1.1250,  -4.0000,  -0.3125, 16290, -4.0000, -1.6250, 28.5625 
  0.1900,  -0.5700,   9.9400, -31.0625,  16.0000,  60.2500,   1.0625,  -0.9375,   0.1250, 16308, -4.0000, -1.6875, 28.8125 
  0.1500,  -0.5700,   9.9200, -31.0625,  16.0000,  60.2500,  -3.5000,  -2.1875,  -1.6250, 16325, -4.0000, -1.6875, 28.8125 
  0.2300,  -0.4600,   9.3500, -31.0625,  16.0000,  60.2500,  -3.0000,  -3.3750,  -2.3750, 16344, -4.0625, -1.7500, 28.8125 
  0.2500,  -0.6300,   9.7000, -30.5000,  16.0000,  62.2500,  -1.2500,   0.8750,  -0.4375, 16363, -4.0625, -1.7500, 29.0625 
  0.1200,  -0.4300,   9.8800, -30.5000,  16.0000,  62.2500,   0.3750,   0.5000,  -0.1875, 16384, -4.1250, -1.7500, 29.0625 
  0.1100,  -0.4600,   9.7600, -30.7500,  15.5625,  61.0625,  -1.4375,   0.2500,   0.2500, 16401, -4.1250, -1.7500, 29.1875 
  0.1600,  -0.6800,  10.0800, -30.7500,  15.5625,  61.0625,  -0.0000,   0.9375,   0.3125, 16420, -4.1250, -1.6875, 29.1875 
  0.0900,  -0.5900,   9.9400, -30.7500,  15.5625,  61.0625,  -5.1875,  -0.3125,  -1.1250, 16438, -4.1875, -1.6875, 29.1875 
  0.0600,  -0.5400,   9.7200, -30.7500,  16.3750,  61.8750,  -3.3750,  -0.6875,  -0.6875, 16455, -4.2500, -1.6875, 29.5000 
  0.0800,  -0.6300,   9.7800, -30.7500,  16.3750,  61.8750,   1.8750,  -1.0000,   0.6875, 16475, -4.2500, -1.6875, 29.4375 
  0.1300,  -0.7300,   9.7900, -30.7500,  16.3750,  61.8750,  -0.4375,  -1.1875,   0.5625, 16492, -4.1875, -1.6875, 29.5000 
  0.2400,  -0.7000,   9.6100, -30.5000,  15.5625,  61.0625,   1.7500,  -0.9375,   1.4375, 16510, -4.1875, -1.6875, 29.6250 
  0.3200,  -0.8000,   9.6400, -30.5000,  15.5625,  61.0625,   1.3750,   0.2500,   1.0625, 16529, -4.1875, -1.7500, 29.6875 
  0.0900,  -0.7100,  10.0000, -30.5000,  16.0000,  61.0625,  -2.4375,   2.3125,  -0.8750, 16546, -4.1875, -1.6875, 29.6875 
  0.0500,  -0.6200,   9.8700, -30.5000,  16.0000,  61.0625,   1.7500,   0.6875,  -0.6875, 16565, -4.1875, -1.6875, 29.8750 
  0.1000,  -0.6500,   9.8300, -30.5000,  16.0000,  61.0625,   2.4375,   0.2500,  -0.3125, 16585, -4.1250, -1.6875, 29.8750 
  0.0800,  -0.6000,   9.9200, -30.5000,  15.0000,  60.2500,  -1.2500,   0.3750,  -0.9375, 16605, -4.1250, -1.6250, 29.8750 
 -0.0000,  -0.5200,  10.0800, -30.5000,  15.0000,  60.2500,  -1.2500,   0.0000,  -1.0625, 16624, -4.1250, -1.6250, 29.8750 
  0.0400,  -0.5100,   9.7600, -30.5000,  15.0000,  60.2500,  -3.3750,  -1.5000,  -0.9375, 16642, -4.1875, -1.6250, 29.8125 
  0.3300,  -0.7200,   9.5500, -30.5000,  15.5625,  61.5000,   1.6250,  -1.8750,   0.4375, 16660, -4.1875, -1.6250, 29.9375 
  0.2300,  -0.7200,   9.9000, -30.5000,  15.5625,  61.5000,   2.9375,   0.4375,   0.9375, 16678, -4.1250, -1.6875, 29.9375 
  0.1000,  -0.5700,   9.9400, -30.5000,  16.0000,  61.8750,   1.1875,   0.6250,  -0.7500, 16697, -4.0625, -1.6250, 29.9375 
  0.1000,  -0.5500,   9.8000, -30.5000,  16.0000,  61.8750,  -2.0000,  -2.6250,  -1.0000, 16715, -4.0625, -1.6250, 30.1250 
  0.1600,  -0.6200,   9.6400, -30.5000,  16.0000,  61.8750,   2.1875,  -0.8125,   0.5625, 16736, -4.0625, -1.6875, 30.1250 
  0.2800,  -0.6800,   9.7000, -29.6875,  15.5625,  61.5000,   0.4375,  -0.1250,   0.2500, 16755, -4.0625, -1.6875, 30.2500 
  0.2700,  -0.6200,  